Kaho
SpineRoot 0 1.231914 0.00762345 357.4325 270.6213 334.5354
Spine2 0.01467449 1.344571 0.03572759 351.5852 277.0838 262.7914
HeadRoot 0.09107827 1.802245 0.1015461 306.5929 0.4874077 3.963596
Head 0.09122632 1.894126 0.1630266 36.25197 5.40451 272.9289
LShoulder 0.03459344 1.807658 0.0879578 276.6312 62.91852 291.46
LArmRoot -0.1813456 1.831108 0.06720223 295.802 83.98319 280.4376
LForearm -0.4869009 1.969894 0.080949 294.4738 83.62504 275.6582
LHand -0.9448791 2.177131 0.07965088 0.9160302 355.5704 335.8172
LHandEff -1.1081 2.250596 0.06818509 0.9160302 355.5704 335.8172
RShoulder 0.1417632 1.791682 0.0746399 276.8284 12.68761 204.4571
RArmRoot 0.3158324 1.802423 -0.05648952 57.2985 133.4072 13.57626
RForearm 0.5638811 1.974913 -0.2032328 296.7705 2.761441 130.7395
RHand 0.9079461 1.80336 0.1206213 16.08753 345.7314 208.6603
RHandEff 1.0546 1.886014 0.1825135 16.08753 345.7314 208.6603
Spine1 0 1.231914 0.00762345 354.166 276.2824 255.3794
LLegRoot -0.1051278 1.115528 -0.01352797 23.26543 359.5145 351.6425
LShin -0.1898803 0.6893541 -0.1797053 34.32111 47.28719 262.6002
LRootFoot 0.07393058 1.123049 -0.02897773 345.2596 111.8222 324.5491
LToe 0.01379294 0.9913452 -0.06588177 6.507875 136.17 127.9231
RLegRoot 0.09380725 1.106607 -0.01568522 355.9338 357.0957 8.658714
RShin 0.179786 0.6525013 0.03739785 9.866448 175.9659 78.74056
RRootFoot 0.2766618 0.1408408 0.1334414 341.5753 127.6723 358.1613
RToe 0.2953298 0.0833746 0.2700921 8.182918 274.3442 167.5797
SpineRoot 0 1.231914 0.00762345 357.252 270.4104 333.116
Spine2 0.01296111 1.345344 0.03336103 353.2285 276.017 271.8509
HeadRoot 0.06801611 1.810726 0.02852011 297.2405 350.0403 15.7075
Head 0.05863116 1.91129 0.07347389 25.90697 7.556226 277.9185
LShoulder 0.01135787 1.811412 0.01459714 276.2409 164.2159 185.2226
LArmRoot -0.2031115 1.813571 -0.02550998 293.5456 99.22041 257.3779
LForearm -0.5130827 1.936874 -0.06461045 292.2672 100.2339 251.3414
LHand -0.9753927 2.117343 -0.1445686 351.8066 349.5662 339.5123
LHandEff -1.139008 2.17948 -0.1837945 351.8066 349.5662 339.5123
RShoulder 0.1191685 1.79854 0.003233527 273.2935 172.4288 37.15276
RArmRoot 0.3088963 1.790969 -0.1042672 60.07724 112.3178 355.1072
RForearm 0.5622547 1.951251 -0.2557068 287.5334 348.7923 139.7592
RHand 0.8784693 1.853421 0.1226189 8.182961 340.3445 213.3524
RHandEff 1.014838 1.951026 0.1862305 8.182961 340.3445 213.3524
Spine1 0 1.231914 0.00762345 354.7877 275.6857 256.7143
LLegRoot -0.1054086 1.116448 -0.016902 23.28623 359.3616 351.6585
LShin -0.1895875 0.6903117 -0.1834677 33.99998 38.2283 258.4635
LRootFoot 0.07313555 1.120446 -0.02108876 352.8863 103.6365 319.3686
LToe 0.005336176 0.9908966 -0.05182059 15.53308 126.6877 126.2971
RLegRoot 0.093504 1.1069 -0.01832657 355.7187 356.4979 9.237493
RShin 0.1834216 0.6538954 0.03756534 10.02752 175.3154 78.11591
RRootFoot 0.2847368 0.1436274 0.1363968 340.6109 127.5677 358.2697
RToe 0.3039512 0.08479923 0.2723906 8.932049 274.182 166.9569
SpineRoot 0 1.231914 0.00762345 357.1331 270.2781 332.5761
Spine2 0.01235539 1.345633 0.03236387 353.5379 275.9017 273.8023
HeadRoot 0.06325124 1.811069 0.01202058 295.4311 348.2535 17.81432
Head 0.05292268 1.913008 0.05354065 23.89458 7.802264 278.2615
LShoulder 0.006564641 1.810793 -0.001800723 277.9596 176.0662 173.9946
LArmRoot -0.2083736 1.807631 -0.039243 293.3972 104.1201 252.308
LForearm -0.5196909 1.926557 -0.08111066 292.1216 105.4689 246.0631
LHand -0.9842998 2.099574 -0.1641553 350.0321 349.7681 340.4411
LHandEff -1.148775 2.158713 -0.2044052 350.0321 349.7681 340.4411
RShoulder 0.1144654 1.798506 -0.01295443 275.36 176.4437 32.75202
RArmRoot 0.3049114 1.787479 -0.1188748 60.00457 109.2685 350.8147
RForearm 0.5541433 1.946022 -0.2787568 285.8568 345.7029 143.3801
RHand 0.8738771 1.864092 0.1003878 6.736491 340.6681 214.408
RHandEff 1.009575 1.964745 0.1605928 6.736491 340.6681 214.408
Spine1 0 1.231914 0.00762345 355.0374 275.6173 257.249
LLegRoot -0.1055844 1.11691 -0.01827738 23.29299 359.2286 351.6214
LShin -0.1896722 0.6908444 -0.1850702 33.76593 34.42331 256.6315
LRootFoot 0.07319198 1.119125 -0.01808573 355.0018 100.602 317.539
LToe 0.003290043 0.9904323 -0.04768418 18.18863 123.2005 125.4023
RLegRoot 0.09331066 1.106949 -0.01924263 355.7187 356.2347 9.365388
RShin 0.1839859 0.6541529 0.03711296 10.05915 175.0257 77.91719
RRootFoot 0.286571 0.1443103 0.1368255 340.3256 127.4922 358.2547
RToe 0.3058362 0.08517511 0.272679 9.178093 274.0783 166.8098
SpineRoot 0 1.231914 0.00762345 357.1331 270.2781 332.5761
Spine2 0.01235539 1.345633 0.03236387 353.5379 275.9017 273.8023
HeadRoot 0.06325124 1.811069 0.01202058 295.4311 348.2535 17.81432
Head 0.05292268 1.913008 0.05354065 23.89458 7.802264 278.2615
LShoulder 0.006564641 1.810793 -0.001800723 277.9596 176.0662 173.9946
LArmRoot -0.2083736 1.807631 -0.039243 293.3972 104.1201 252.308
LForearm -0.5196909 1.926557 -0.08111066 292.1216 105.4689 246.0631
LHand -0.9842998 2.099574 -0.1641553 350.0321 349.7681 340.4411
LHandEff -1.148775 2.158713 -0.2044052 350.0321 349.7681 340.4411
RShoulder 0.1144654 1.798506 -0.01295443 275.36 176.4437 32.75202
RArmRoot 0.3049114 1.787479 -0.1188748 60.00457 109.2685 350.8147
RForearm 0.5541433 1.946022 -0.2787568 285.8568 345.7029 143.3801
RHand 0.8738771 1.864092 0.1003878 6.736491 340.6681 214.408
RHandEff 1.009575 1.964745 0.1605928 6.736491 340.6681 214.408
Spine1 0 1.231914 0.00762345 355.0374 275.6173 257.249
LLegRoot -0.1055844 1.11691 -0.01827738 23.29299 359.2286 351.6214
LShin -0.1896722 0.6908444 -0.1850702 33.76593 34.42331 256.6315
LRootFoot 0.07319198 1.119125 -0.01808573 355.0018 100.602 317.539
LToe 0.003290043 0.9904323 -0.04768418 18.18863 123.2005 125.4023
RLegRoot 0.09331066 1.106949 -0.01924263 355.7187 356.2347 9.365388
RShin 0.1839859 0.6541529 0.03711296 10.05915 175.0257 77.91719
RRootFoot 0.286571 0.1443103 0.1368255 340.3256 127.4922 358.2547
RToe 0.3058362 0.08517511 0.272679 9.178093 274.0783 166.8098
SpineRoot 0 1.231914 0.00762345 356.8356 269.7068 328.7947
Spine2 0.01048712 1.346416 0.02944414 354.4084 275.7404 276.3097
HeadRoot 0.0522431 1.811499 -0.0104128 293.8183 345.3954 21.09009
Head 0.040278 1.914559 0.02776553 21.89813 8.21389 279.0105
LShoulder -0.004446174 1.809542 -0.02408649 280.5447 188.6513 161.5429
LArmRoot -0.2192809 1.7969 -0.06009428 293.0787 110.5446 245.8223
LForearm -0.5330877 1.908252 -0.1041481 291.9265 112.2175 239.1754
LHand -1.001204 2.069447 -0.1911861 347.8681 349.8503 341.8646
LHandEff -1.166918 2.124028 -0.232772 347.8681 349.8503 341.8646
RShoulder 0.1036589 1.798905 -0.03495388 278.2452 177.3208 31.09441
RArmRoot 0.2955144 1.782744 -0.1376216 59.31678 104.7348 345.5866
RForearm 0.5408556 1.940842 -0.3038366 283.9016 340.6982 149.0553
RHand 0.8648186 1.878739 0.0754839 5.148767 340.2428 215.7932
RHandEff 0.9985561 1.983216 0.1335224 5.148767 340.2428 215.7932
Spine1 0 1.231914 0.00762345 355.8349 275.5225 258.8016
LLegRoot -0.1057658 1.119459 -0.02719656 23.39955 358.8771 351.3295
LShin -0.1911428 0.6941119 -0.1951626 33.0556 24.85035 251.2174
LRootFoot 0.07848804 1.114301 -0.01867988 357.4308 94.87074 316.5061
LToe 0.006734529 0.9876693 -0.05244502 20.82722 117.394 125.3812
RLegRoot 0.09307458 1.108466 -0.02617902 355.4462 354.2357 12.11309
RShin 0.2031603 0.6609364 0.03722997 9.712989 172.9087 75.14087
RRootFoot 0.327257 0.1564477 0.1396852 337.8579 126.9382 356.6071
RToe 0.3467937 0.09766102 0.275651 12.08492 272.9194 166.719
SpineRoot 0 1.231914 0.00762345 355.1041 266.2655 328.4924
Spine2 0.009547831 1.346882 0.02732313 354.6369 274.1889 280.9426
HeadRoot 0.04735959 1.80777 -0.0487512 289.3555 339.4062 26.33116
Head 0.03384821 1.913561 -0.01963351 17.04322 7.047043 278.8449
LShoulder -0.00902563 1.804066 -0.06329317 284.8825 165.462 177.2408
LArmRoot -0.2174441 1.801369 -0.1278287 293.8651 118.4754 236.2341
LForearm -0.5321234 1.904635 -0.1837542 292.7967 120.6394 229.1508
LHand -1.001293 2.051966 -0.2879941 344.312 348.6041 343.5975
LHandEff -1.167254 2.100728 -0.335416 344.312 348.6041 343.5975
RShoulder 0.09937547 1.793863 -0.07123259 282.3756 186.8236 20.49049
RArmRoot 0.2934563 1.777493 -0.1695944 60.3214 95.22346 335.2973
RForearm 0.5408643 1.91941 -0.3469739 279.2552 327.4766 161.5634
RHand 0.8585999 1.893841 0.04172039 359.8798 340.6343 217.9411
RHandEff 0.9921236 2.00412 0.08840643 359.8798 340.6343 217.9411
Spine1 0 1.231914 0.00762345 355.9548 274.056 259.9985
LLegRoot -0.1067711 1.122894 -0.03432127 22.11537 354.8898 350.8411
LShin -0.1850118 0.6946421 -0.1983379 32.84697 21.98174 248.7057
LRootFoot 0.0934822 1.109142 -0.02216585 358.014 94.06147 316.6598
LToe 0.02090366 0.9833223 -0.05717972 21.30659 116.7318 125.7731
RLegRoot 0.0912276 1.105897 -0.02139737 356.5106 350.603 11.73654
RShin 0.1955041 0.6567279 0.04021052 8.685404 169.2887 75.30509
RRootFoot 0.3131154 0.1503891 0.141178 337.8439 121.4106 357.5325
RToe 0.3198445 0.08978851 0.2775838 11.61819 267.5898 165.9842
SpineRoot 0 1.231914 0.00762345 353.9214 264.6438 327.0708
Spine2 0.009231799 1.346941 0.02712505 356.9647 273.9883 282.6937
HeadRoot 0.0274889 1.80676 -0.06158024 289.0678 343.5585 21.82765
Head 0.01669161 1.912766 -0.032118 17.41617 6.492911 277.3138
LShoulder -0.02866002 1.800254 -0.07605277 286.4225 157.7541 188.189
LArmRoot -0.2398441 1.809041 -0.1302235 290.5058 133.3913 222.8921
LForearm -0.5653135 1.878826 -0.1751056 303.1766 101.6523 215.2044
LHand -0.8858286 2.037408 -0.5283967 325.7829 285.316 351.2062
LHandEff -0.9177765 2.060082 -0.7034247 325.7829 285.316 351.2062
RShoulder 0.08009217 1.794473 -0.08363523 285.6618 226.7998 343.8397
RArmRoot 0.2661842 1.810868 -0.1963798 68.85789 68.59811 324.4254
RForearm 0.5733877 1.899828 -0.2989803 272.9095 159.867 340.5346
RHand 0.9607964 1.90833 0.02123069 356.754 329.7866 188.6325
RHandEff 1.114802 1.935208 0.1091482 356.754 329.7866 188.6325
Spine1 0 1.231914 0.00762345 356.107 274.0607 260.1075
LLegRoot -0.1073914 1.126069 -0.04042774 21.21081 353.0009 350.7662
LShin -0.1816062 0.6955156 -0.2002335 34.01869 30.43017 252.1581
LRootFoot 0.1011214 1.113314 -0.03924894 353.4861 101.158 322.3453
LToe 0.03189687 0.9869133 -0.07868499 14.89772 125.3645 129.3524
RLegRoot 0.08977096 1.104981 -0.02194234 356.9119 348.5535 11.47854
RShin 0.1904051 0.655013 0.03989395 7.820023 167.4117 75.80483
RRootFoot 0.3019157 0.1464224 0.1363654 337.8899 120.1681 357.6965
RToe 0.3057095 0.08555643 0.2727663 11.49549 266.3885 165.8815
SpineRoot 0 1.231914 0.00762345 353.9214 264.6438 327.0708
Spine2 0.009231799 1.346941 0.02712505 356.9647 273.9883 282.6937
HeadRoot 0.0274889 1.80676 -0.06158024 289.0678 343.5585 21.82765
Head 0.01669161 1.912766 -0.032118 17.41617 6.492911 277.3138
LShoulder -0.02866002 1.800254 -0.07605277 286.4225 157.7541 188.189
LArmRoot -0.2398441 1.809041 -0.1302235 290.5058 133.3913 222.8921
LForearm -0.5653135 1.878826 -0.1751056 303.1766 101.6523 215.2044
LHand -0.8858286 2.037408 -0.5283967 325.7829 285.316 351.2062
LHandEff -0.9177765 2.060082 -0.7034247 325.7829 285.316 351.2062
RShoulder 0.08009217 1.794473 -0.08363523 285.6618 226.7998 343.8397
RArmRoot 0.2661842 1.810868 -0.1963798 68.85789 68.59811 324.4254
RForearm 0.5733877 1.899828 -0.2989803 272.9095 159.867 340.5346
RHand 0.9607964 1.90833 0.02123069 356.754 329.7866 188.6325
RHandEff 1.114802 1.935208 0.1091482 356.754 329.7866 188.6325
Spine1 0 1.231914 0.00762345 356.107 274.0607 260.1075
LLegRoot -0.1073914 1.126069 -0.04042774 21.21081 353.0009 350.7662
LShin -0.1816062 0.6955156 -0.2002335 34.01869 30.43017 252.1581
LRootFoot 0.1011214 1.113314 -0.03924894 353.4861 101.158 322.3453
LToe 0.03189687 0.9869133 -0.07868499 14.89772 125.3645 129.3524
RLegRoot 0.08977096 1.104981 -0.02194234 356.9119 348.5535 11.47854
RShin 0.1904051 0.655013 0.03989395 7.820023 167.4117 75.80483
RRootFoot 0.3019157 0.1464224 0.1363654 337.8899 120.1681 357.6965
RToe 0.3057095 0.08555643 0.2727663 11.49549 266.3885 165.8815
SpineRoot 0 1.231914 0.00762345 356.7626 269.6771 330.0886
Spine2 0.0009950971 1.348451 0.01834518 4.367743 270.5624 292.0724
HeadRoot -0.034101 1.787269 -0.14241 286.5806 317.2728 45.75535
Head -0.05587406 1.894178 -0.1245644 11.25027 4.192351 282.0304
LShoulder -0.08775251 1.770875 -0.1584486 293.7926 174.6086 169.2556
LArmRoot -0.2976795 1.754464 -0.2156474 309.2798 232.7039 139.9474
LForearm -0.5840786 1.605193 -0.1234069 287.1641 90.65666 200.946
LHand -0.7611483 1.658225 -0.5908753 343.8297 291.1811 355.4743
LHandEff -0.8220767 1.671818 -0.7590197 343.8297 291.1811 355.4743
RShoulder 0.02109455 1.779189 -0.1595169 297.6882 165.0601 25.66415
RArmRoot 0.2326917 1.735278 -0.1896644 62.2075 348.1649 270.1055
RForearm 0.5630794 1.722504 -0.130542 297.1571 160.7696 333.6986
RHand 0.9233051 1.824168 0.2050092 342.0214 299.3888 223.6402
RHandEff 1.020292 1.941904 0.2993561 342.0214 299.3888 223.6402
Spine1 0 1.231914 0.00762345 359.5455 270.3776 264.7405
LLegRoot -0.105948 1.118852 -0.02457633 17.57549 359.145 357.1596
LShin -0.145922 0.6724942 -0.1494339 28.68909 44.62011 256.6831
LRootFoot 0.1146483 1.12453 -0.05903323 341.4017 116.939 320.8127
LToe 0.06392094 0.9870303 -0.08809737 4.404307 139.753 123.0775
RLegRoot 0.09287772 1.107605 -0.0234559 0.8823581 357.4528 1.171073
RShin 0.120768 0.6433472 -0.01301848 5.115695 177.0906 86.31274
RRootFoot 0.1523872 0.1170146 0.03576863 353.5002 117.4963 358.7121
RToe 0.1373691 0.07385135 0.1780207 357.8902 264.6103 173.6423
SpineRoot 0 1.231914 0.00762345 356.7626 269.6771 330.0886
Spine2 0.0009950971 1.348451 0.01834518 4.367743 270.5624 292.0724
HeadRoot -0.034101 1.787269 -0.14241 286.5806 317.2728 45.75535
Head -0.05587406 1.894178 -0.1245644 11.25027 4.192351 282.0304
LShoulder -0.08775251 1.770875 -0.1584486 293.7926 174.6086 169.2556
LArmRoot -0.2976795 1.754464 -0.2156474 309.2798 232.7039 139.9474
LForearm -0.5840786 1.605193 -0.1234069 287.1641 90.65666 200.946
LHand -0.7611483 1.658225 -0.5908753 343.8297 291.1811 355.4743
LHandEff -0.8220767 1.671818 -0.7590197 343.8297 291.1811 355.4743
RShoulder 0.02109455 1.779189 -0.1595169 297.6882 165.0601 25.66415
RArmRoot 0.2326917 1.735278 -0.1896644 62.2075 348.1649 270.1055
RForearm 0.5630794 1.722504 -0.130542 297.1571 160.7696 333.6986
RHand 0.9233051 1.824168 0.2050092 342.0214 299.3888 223.6402
RHandEff 1.020292 1.941904 0.2993561 342.0214 299.3888 223.6402
Spine1 0 1.231914 0.00762345 359.5455 270.3776 264.7405
LLegRoot -0.105948 1.118852 -0.02457633 17.57549 359.145 357.1596
LShin -0.145922 0.6724942 -0.1494339 28.68909 44.62011 256.6831
LRootFoot 0.1146483 1.12453 -0.05903323 341.4017 116.939 320.8127
LToe 0.06392094 0.9870303 -0.08809737 4.404307 139.753 123.0775
RLegRoot 0.09287772 1.107605 -0.0234559 0.8823581 357.4528 1.171073
RShin 0.120768 0.6433472 -0.01301848 5.115695 177.0906 86.31274
RRootFoot 0.1523872 0.1170146 0.03576863 353.5002 117.4963 358.7121
RToe 0.1373691 0.07385135 0.1780207 357.8902 264.6103 173.6423
SpineRoot 0 1.231914 0.00762345 356.4226 264.5265 331.0639
Spine2 0.008637995 1.34746 0.02409939 353.7901 273.2162 286.9055
HeadRoot 0.05076521 1.797617 -0.09926139 289.1118 337.4534 28.21621
Head 0.03626597 1.903517 -0.07102623 16.5321 7.003463 279.2926
LShoulder -0.005560197 1.792854 -0.1137264 295.1375 208.0651 141.1306
LArmRoot -0.2137889 1.734688 -0.1431855 326.1225 250.0193 123.3457
LForearm -0.4184258 1.491305 -0.03500297 339.2208 265.1105 146.2207
LHand -0.5528325 1.229994 0.3728502 299.3177 39.08326 35.45488
LHandEff -0.60905 1.179052 0.5353739 299.3177 39.08326 35.45488
RShoulder 0.1027976 1.781045 -0.1198152 297.4772 145.6506 50.11176
RArmRoot 0.3021344 1.703797 -0.1634957 35.26529 292.5833 218.4961
RForearm 0.5177252 1.477777 -0.04000327 330.7516 104.3692 31.0304
RHand 0.7472732 1.251683 0.345849 311.006 334.1483 144.6135
RHandEff 0.8446873 1.183534 0.4801462 311.006 334.1483 144.6135
Spine1 0 1.231914 0.00762345 356.1757 273.136 261.6855
LLegRoot -0.1035213 1.118964 -0.03200588 17.81386 353.9759 354.5006
LShin -0.1532853 0.6754494 -0.1633103 32.85798 35.56249 246.2176
LRootFoot 0.1733307 1.082495 -0.07363479 344.4948 115.9536 323.665
LToe 0.1132721 0.9494128 -0.1053575 6.159545 139.9496 126.8246
RLegRoot 0.09433106 1.106537 -0.01304704 359.53 352.3369 0.9426988
RShin 0.1178853 0.6425165 0.01044645 38.79148 302.3176 256.54
RRootFoot -0.08887739 1.043915 0.2870951 335.4984 16.2833 103.3169
RToe -0.03733481 0.9121202 0.2391596 354.0572 211.6839 72.92509
SpineRoot 0 1.231914 0.00762345 353.0797 266.7428 331.5362
Spine2 0.01700073 1.346872 0.02150073 348.316 278.3034 288.3571
HeadRoot 0.08800136 1.787165 -0.1224978 288.6144 0.3909339 9.502333
Head 0.08731178 1.893517 -0.0923166 18.11065 10.39344 273.1783
LShoulder 0.03036709 1.787277 -0.1315947 295.6221 215.4852 151.246
LArmRoot -0.1803353 1.741887 -0.09761486 329.7298 267.2039 123.3413
LForearm -0.3282776 1.489201 0.06693755 339.9646 277.4832 139.3919
LHand -0.3897163 1.181813 0.4599145 312.6876 30.67175 57.91972
LHandEff -0.414664 1.078777 0.6045886 312.6876 30.67175 57.91972
RShoulder 0.1361537 1.765169 -0.1470338 306.2992 142.6342 67.60112
RArmRoot 0.3009092 1.645741 -0.2257929 14.22718 298.7225 211.266
RForearm 0.436115 1.358438 -0.1162878 1.838273 106.3513 48.87955
RHand 0.5175279 0.9799457 0.2043493 331.4311 17.93262 95.58343
RHandEff 0.5604146 0.8231726 0.2801944 331.4311 17.93262 95.58343
Spine1 0 1.231914 0.00762345 352.6442 278.2265 262.0597
LLegRoot -0.1114554 1.125147 -0.02735477 17.47041 354.8442 355.602
LShin -0.1545833 0.6798108 -0.1547815 31.894 33.59217 244.4457
LRootFoot 0.1753451 1.085419 -0.07090629 344.9785 115.4536 323.2704
LToe 0.1149887 0.9523182 -0.1019794 6.756134 139.3285 126.6719
RLegRoot 0.08592103 1.101152 -0.01612205 357.5619 353.7642 1.61041
RShin 0.1137004 0.6384366 0.02318042 35.65545 14.03275 283.365
RRootFoot 0.06776787 1.05705 0.3442088 313.926 87.02983 100.4143
RToe 0.09201844 0.9207673 0.2879653 14.32631 281.3038 80.73192
SpineRoot 0 1.231914 0.00762345 352.2514 267.6062 333.4469
Spine2 0.02057337 1.346465 0.01994036 349.1575 279.6889 288.6484
HeadRoot 0.08117754 1.787381 -0.1268732 291.0715 357.0241 14.54728
Head 0.07801019 1.892306 -0.09219073 20.12689 12.54041 275.5193
LShoulder 0.02333775 1.786589 -0.1345156 295.9266 216.992 151.1318
LArmRoot -0.1862911 1.74053 -0.09521287 325.2844 267.0089 127.5284
LForearm -0.3474448 1.510366 0.08882096 329.4943 270.9108 127.147
LHand -0.5459914 1.165144 0.3955686 332.3889 18.7098 49.08799
LHandEff -0.6370949 1.045037 0.4927483 332.3889 18.7098 49.08799
RShoulder 0.1290288 1.766053 -0.1525606 308.5533 142.8801 68.88494
RArmRoot 0.2877687 1.639194 -0.2320504 13.90626 300.9264 211.4447
RForearm 0.4260726 1.352015 -0.1261479 354.6534 113.5615 42.49336
RHand 0.6032398 1.013926 0.2009612 320.2494 19.11398 99.60876
RHandEff 0.6685562 0.8779638 0.2980051 320.2494 19.11398 99.60876
Spine1 0 1.231914 0.00762345 350.9658 279.6659 262.3417
LLegRoot -0.1137867 1.125917 -0.02173885 17.15923 355.3817 356.3498
LShin -0.1522753 0.6792779 -0.1460544 29.61869 354.4573 95.1928
LRootFoot -0.07939859 0.2208258 -0.4008416 39.32847 266.849 72.9578
LToe -0.08446877 0.3379205 -0.3081735 8.792031 278.1213 242.9136
RLegRoot 0.08336943 1.099067 -0.01349702 356.5192 354.5743 2.287594
RShin 0.1163636 0.6374923 0.03427911 35.43433 35.88605 290.8581
RRootFoot 0.1317757 1.040671 0.3772301 308.1928 112.4616 96.12103
RToe 0.1481089 0.9047312 0.3174146 19.25818 304.7202 84.97187
SpineRoot 0 1.231914 0.00762345 352.2514 267.6062 333.4469
Spine2 0.02057337 1.346465 0.01994036 349.1575 279.6889 288.6484
HeadRoot 0.08117754 1.787381 -0.1268732 291.0715 357.0241 14.54728
Head 0.07801019 1.892306 -0.09219073 20.12689 12.54041 275.5193
LShoulder 0.02333775 1.786589 -0.1345156 295.9266 216.992 151.1318
LArmRoot -0.1862911 1.74053 -0.09521287 325.2844 267.0089 127.5284
LForearm -0.3474448 1.510366 0.08882096 329.4943 270.9108 127.147
LHand -0.5459914 1.165144 0.3955686 332.3889 18.7098 49.08799
LHandEff -0.6370949 1.045037 0.4927483 332.3889 18.7098 49.08799
RShoulder 0.1290288 1.766053 -0.1525606 308.5533 142.8801 68.88494
RArmRoot 0.2877687 1.639194 -0.2320504 13.90626 300.9264 211.4447
RForearm 0.4260726 1.352015 -0.1261479 354.6534 113.5615 42.49336
RHand 0.6032398 1.013926 0.2009612 320.2494 19.11398 99.60876
RHandEff 0.6685562 0.8779638 0.2980051 320.2494 19.11398 99.60876
Spine1 0 1.231914 0.00762345 350.9658 279.6659 262.3417
LLegRoot -0.1137867 1.125917 -0.02173885 17.15923 355.3817 356.3498
LShin -0.1522753 0.6792779 -0.1460544 29.61869 354.4573 95.1928
LRootFoot -0.07939859 0.2208258 -0.4008416 39.32847 266.849 72.9578
LToe -0.08446877 0.3379205 -0.3081735 8.792031 278.1213 242.9136
RLegRoot 0.08336943 1.099067 -0.01349702 356.5192 354.5743 2.287594
RShin 0.1163636 0.6374923 0.03427911 35.43433 35.88605 290.8581
RRootFoot 0.1317757 1.040671 0.3772301 308.1928 112.4616 96.12103
RToe 0.1481089 0.9047312 0.3174146 19.25818 304.7202 84.97187
SpineRoot 0 1.231914 0.00762345 353.6071 269.0199 340.6366
Spine2 0.01561414 1.347788 0.01274746 354.4544 278.1948 292.2467
HeadRoot 0.0345106 1.785334 -0.1540797 288.167 343.0143 28.18625
Head 0.02332985 1.891741 -0.1262472 15.71416 12.39915 278.8001
LShoulder -0.02279828 1.778344 -0.1625242 299.5877 216.9846 152.5357
LArmRoot -0.2300967 1.728656 -0.1159529 303.3361 231.6852 156.6968
LForearm -0.5106889 1.642404 0.04727445 303.6272 232.5068 149.6793
LHand -0.9424626 1.501866 0.2629443 332.4842 14.08806 19.61942
LHandEff -1.099555 1.448455 0.3310539 332.4842 14.08806 19.61942
RShoulder 0.08475065 1.767794 -0.1780121 310.3563 143.9313 56.41682
RArmRoot 0.2638647 1.650086 -0.2189195 41.83862 313.2001 238.4738
RForearm 0.5421375 1.505207 -0.09896536 323.8555 119.3206 25.97676
RHand 0.876661 1.327405 0.2314483 313.7619 339.6868 151.3539
RHandEff 1.002719 1.267933 0.3443292 313.7619 339.6868 151.3539
Spine1 0 1.231914 0.00762345 352.7523 278.1011 266.437
LLegRoot -0.1124353 1.121112 -0.003608204 16.6136 357.2774 358.1827
LShin -0.140402 0.6720868 -0.1219992 24.86046 356.7221 95.49564
LRootFoot -0.07710086 0.1938313 -0.3403348 39.92456 256.2968 71.67599
LToe -0.09940499 0.3093105 -0.2481863 9.574635 268.2498 242.0555
RLegRoot 0.08544411 1.098938 -0.0002230052 354.9857 356.92 3.067338
RShin 0.1259997 0.6392673 0.05877167 32.81371 187.2497 133.0047
RRootFoot -0.2058039 0.313811 0.3125243 29.86838 123.9767 14.75343
RToe -0.2340355 0.2984693 0.4584417 319.2443 264.1539 182.6548
SpineRoot 0 1.231914 0.00762345 353.7004 269.3257 341.9289
Spine2 0.01581915 1.347765 0.01262752 352.4454 277.7054 283.593
HeadRoot 0.06296211 1.80282 -0.08904834 294.249 349.5453 19.66919
Head 0.05378257 1.905595 -0.04936263 22.51481 10.91328 278.6063
LShoulder 0.00563731 1.800384 -0.09965086 290.8679 218.4916 146.869
LArmRoot -0.2067375 1.757903 -0.07314316 289.3564 178.1546 197.6395
LForearm -0.5336196 1.780445 0.000711921 289.7736 174.917 193.7355
LHand -1.029961 1.820824 0.0693261 340.0887 3.714597 344.4283
LHandEff -1.203436 1.866094 0.06415658 340.0887 3.714597 344.4283
RShoulder 0.1128819 1.786032 -0.1141613 302.7533 135.5509 66.47708
RArmRoot 0.2928767 1.677792 -0.173291 64.06675 337.7594 263.6146
RForearm 0.6166547 1.6488 -0.08878094 296.0996 155.817 358.3046
RHand 1.069553 1.655343 0.1292394 331.1146 326.8495 144.2539
RHandEff 1.163751 1.563599 0.25122 331.1146 326.8495 144.2539
Spine1 0 1.231914 0.00762345 352.6198 277.7019 266.5322
LLegRoot -0.1123653 1.120751 -0.0002377125 16.75497 357.5972 358.2951
LShin -0.1400359 0.6719537 -0.1195579 24.83818 357.0752 95.88157
LRootFoot -0.07455388 0.1939327 -0.3377642 40.32504 255.7461 71.68185
LToe -0.09852888 0.3094176 -0.2460435 9.965487 267.7103 242.1442
RLegRoot 0.08556518 1.098899 0.002091617 353.4225 358.6177 356.1194
RShin 0.07124719 0.6390765 0.07123104 23.9673 176.5771 79.12841
RRootFoot 0.1583313 0.1638851 0.2880613 349.3282 137.7028 349.8282
RToe 0.1960996 0.1335867 0.4294113 6.213394 283.6679 178.6754
SpineRoot 0 1.231914 0.00762345 354.0267 267.8561 341.9603
Spine2 0.014674 1.347951 0.01174537 352.4992 273.6929 280.8057
HeadRoot 0.07036269 1.807076 -0.06400165 291.3084 341.6626 23.43327
Head 0.05714995 1.911756 -0.03099395 19.2395 6.573073 278.8043
LShoulder 0.01401038 1.805477 -0.0790462 287.8753 213.4227 144.6071
LArmRoot -0.2006983 1.766686 -0.08145623 296.1432 126.1442 235.7551
LForearm -0.5166667 1.879069 -0.1001324 295.3023 127.7866 226.8345
LHand -0.9893404 2.035772 -0.1688076 341.9538 354.1696 341.7007
LHandEff -1.156976 2.089317 -0.2034616 341.9538 354.1696 341.7007
RShoulder 0.1220208 1.791226 -0.08601748 297.2883 131.4011 67.78738
RArmRoot 0.3112334 1.698613 -0.1428667 68.32987 41.7298 320.0938
RForearm 0.6353581 1.783791 -0.1204464 289.6524 216.074 320.0499
RHand 1.125823 1.892347 -0.101662 344.7316 355.8367 198.2151
RHandEff 1.296816 1.946433 -0.1040183 344.7316 355.8367 198.2151
Spine1 0 1.231914 0.00762345 352.9359 273.6772 267.5247
LLegRoot -0.1114951 1.120109 -0.003025994 16.8086 356.2018 357.9027
LShin -0.139397 0.6716467 -0.1235464 25.32788 355.628 95.791
LRootFoot -0.06894152 0.1954573 -0.3441947 40.10976 253.2975 70.63715
LToe -0.09578103 0.3096107 -0.2516046 9.92409 265.7916 241.3064
RLegRoot 0.08643167 1.099385 0.004383382 353.5992 356.9394 357.3829
RShin 0.08040623 0.6391852 0.07222256 6.638455 176.2865 59.21407
RRootFoot 0.3474634 0.1873206 0.1422561 329.5746 129.3142 343.1895
RToe 0.3707029 0.1444145 0.2834768 25.85087 270.993 171.8371
SpineRoot 0 1.231914 0.00762345 354.0267 267.8561 341.9603
Spine2 0.014674 1.347951 0.01174537 352.4992 273.6929 280.8057
HeadRoot 0.07036269 1.807076 -0.06400165 291.3084 341.6626 23.43327
Head 0.05714995 1.911756 -0.03099395 19.2395 6.573073 278.8043
LShoulder 0.01401038 1.805477 -0.0790462 287.8753 213.4227 144.6071
LArmRoot -0.2006983 1.766686 -0.08145623 296.1432 126.1442 235.7551
LForearm -0.5166667 1.879069 -0.1001324 295.3023 127.7866 226.8345
LHand -0.9893404 2.035772 -0.1688076 341.9538 354.1696 341.7007
LHandEff -1.156976 2.089317 -0.2034616 341.9538 354.1696 341.7007
RShoulder 0.1220208 1.791226 -0.08601748 297.2883 131.4011 67.78738
RArmRoot 0.3112334 1.698613 -0.1428667 68.32987 41.7298 320.0938
RForearm 0.6353581 1.783791 -0.1204464 289.6524 216.074 320.0499
RHand 1.125823 1.892347 -0.101662 344.7316 355.8367 198.2151
RHandEff 1.296816 1.946433 -0.1040183 344.7316 355.8367 198.2151
Spine1 0 1.231914 0.00762345 352.9359 273.6772 267.5247
LLegRoot -0.1114951 1.120109 -0.003025994 16.8086 356.2018 357.9027
LShin -0.139397 0.6716467 -0.1235464 25.32788 355.628 95.791
LRootFoot -0.06894152 0.1954573 -0.3441947 40.10976 253.2975 70.63715
LToe -0.09578103 0.3096107 -0.2516046 9.92409 265.7916 241.3064
RLegRoot 0.08643167 1.099385 0.004383382 353.5992 356.9394 357.3829
RShin 0.08040623 0.6391852 0.07222256 6.638455 176.2865 59.21407
RRootFoot 0.3474634 0.1873206 0.1422561 329.5746 129.3142 343.1895
RToe 0.3707029 0.1444145 0.2834768 25.85087 270.993 171.8371
SpineRoot 0 1.231914 0.00762345 357.3014 267.8709 341.6445
Spine2 0.009062165 1.348102 0.01835034 359.1505 273.5044 276.4139
HeadRoot 0.01375638 1.815292 -0.01833538 298.3493 343.3681 21.39829
Head -0.001875107 1.914868 0.02707828 26.00368 7.318179 281.114
LShoulder -0.04200634 1.808756 -0.03421859 287.4659 233.4137 122.1251
LArmRoot -0.2527024 1.753294 -0.04611318 292.9582 109.9791 244.4325
LForearm -0.5654939 1.862593 -0.1011559 291.9428 111.5623 238.0403
LHand -1.031191 2.021964 -0.2032322 347.513 348.1391 341.8875
LHandEff -1.195545 2.076405 -0.2500691 347.513 348.1391 341.8875
RShoulder 0.06694692 1.807138 -0.04089074 285.8885 140.6546 60.9811
RArmRoot 0.2651507 1.754902 -0.115704 58.10532 95.46336 345.0699
RForearm 0.5296405 1.918399 -0.2427018 300.4875 274.5046 292.183
RHand 0.9146162 2.15456 -0.4634164 347.5266 26.6068 207.7589
RHandEff 1.048445 2.236124 -0.5506325 347.5266 26.6068 207.7589
Spine1 0 1.231914 0.00762345 355.9018 273.8333 264.455
LLegRoot -0.1049063 1.113942 -0.003429581 19.49112 356.8248 356.2738
LShin -0.1461258 0.6726491 -0.144794 27.49205 356.2788 99.63688
LRootFoot -0.04202592 0.2095419 -0.3795294 43.49589 255.0128 71.64079
LToe -0.07331367 0.3247645 -0.2897013 13.07298 267.1332 242.7887
RLegRoot 0.09388224 1.104566 0.003960793 356.3177 356.6993 0.190036
RShin 0.1115693 0.6420953 0.0511905 58.55469 200.9516 137.2236
RRootFoot -0.1417059 0.4544836 0.4767013 24.91942 124.6069 7.542803
RToe -0.1579574 0.442593 0.6247512 327.1113 266.695 185.0071
SpineRoot 0 1.231914 0.00762345 358.1329 269.2373 339.2926
Spine2 0.00971486 1.347283 0.02472555 355.5086 274.6118 272.3813
HeadRoot 0.04602288 1.814484 0.01840414 300.1144 350.7462 13.83137
Head 0.03656674 1.912643 0.0683787 28.91809 6.596082 277.8761
LShoulder -0.0102707 1.812803 0.003150123 278.9885 223.6473 130.0359
LArmRoot -0.2257279 1.786702 -0.01937276 295.6869 98.83237 256.4834
LForearm -0.5301808 1.920503 -0.06649446 294.505 99.75014 250.6356
LHand -0.9837049 2.117208 -0.1576842 350.7647 348.7885 337.3459
LHandEff -1.143911 2.185396 -0.2007422 350.7647 348.7885 337.3459
RShoulder 0.09821105 1.804254 -0.005600638 275.8554 153.2153 55.48397
RArmRoot 0.2891813 1.785913 -0.1095445 60.97071 107.565 354.6414
RForearm 0.5554422 1.941445 -0.2426967 297.3415 286.9774 282.2536
RHand 0.9416282 2.167065 -0.4721498 353.0815 30.58527 206.0614
RHandEff 1.075504 2.24529 -0.5623034 353.0815 30.58527 206.0614
Spine1 0 1.231914 0.00762345 355.8717 274.5516 261.2423
LLegRoot -0.1033371 1.112824 -0.005934424 20.4324 358.4261 354.3661
LShin -0.1636687 0.6756399 -0.1530832 29.87321 358.2297 108.25
LRootFoot 0.009821541 0.2395625 -0.398325 50.44399 248.9619 67.69522
LToe -0.04097711 0.3488027 -0.3099488 20.45326 263.6679 241.7354
RLegRoot 0.09568617 1.106335 -0.003285019 352.7537 358.5299 357.2532
RShin 0.09032005 0.6471965 0.0714495 25.61467 179.5829 96.89357
RRootFoot 0.02510989 0.1731563 0.298252 80.82359 275.518 33.80675
RToe 0.1254981 0.240103 0.210135 297.6347 328.0847 265.4622
SpineRoot 0 1.231914 0.00762345 358.1329 269.2373 339.2926
Spine2 0.00971486 1.347283 0.02472555 355.5086 274.6118 272.3813
HeadRoot 0.04602288 1.814484 0.01840414 300.1144 350.7462 13.83137
Head 0.03656674 1.912643 0.0683787 28.91809 6.596082 277.8761
LShoulder -0.0102707 1.812803 0.003150123 278.9885 223.6473 130.0359
LArmRoot -0.2257279 1.786702 -0.01937276 295.6869 98.83237 256.4834
LForearm -0.5301808 1.920503 -0.06649446 294.505 99.75014 250.6356
LHand -0.9837049 2.117208 -0.1576842 350.7647 348.7885 337.3459
LHandEff -1.143911 2.185396 -0.2007422 350.7647 348.7885 337.3459
RShoulder 0.09821105 1.804254 -0.005600638 275.8554 153.2153 55.48397
RArmRoot 0.2891813 1.785913 -0.1095445 60.97071 107.565 354.6414
RForearm 0.5554422 1.941445 -0.2426967 297.3415 286.9774 282.2536
RHand 0.9416282 2.167065 -0.4721498 353.0815 30.58527 206.0614
RHandEff 1.075504 2.24529 -0.5623034 353.0815 30.58527 206.0614
Spine1 0 1.231914 0.00762345 355.8717 274.5516 261.2423
LLegRoot -0.1033371 1.112824 -0.005934424 20.4324 358.4261 354.3661
LShin -0.1636687 0.6756399 -0.1530832 29.87321 358.2297 108.25
LRootFoot 0.009821541 0.2395625 -0.398325 50.44399 248.9619 67.69522
LToe -0.04097711 0.3488027 -0.3099488 20.45326 263.6679 241.7354
RLegRoot 0.09568617 1.106335 -0.003285019 352.7537 358.5299 357.2532
RShin 0.09032005 0.6471965 0.0714495 25.61467 179.5829 96.89357
RRootFoot 0.02510989 0.1731563 0.298252 80.82359 275.518 33.80675
RToe 0.1254981 0.240103 0.210135 297.6347 328.0847 265.4622
SpineRoot 0 1.231914 0.00762345 359.1007 269.3008 338.4219
Spine2 0.004579209 1.34809 0.02100306 357.9785 276.1498 276.6004
HeadRoot 0.01690658 1.81492 -0.018395 296.492 345.4373 21.84327
Head 0.003701419 1.915992 0.02440903 24.22375 9.515832 280.486
LShoulder -0.03965096 1.809441 -0.03165034 281.3813 206.3503 146.0494
LArmRoot -0.2548684 1.785394 -0.05836232 294.5507 107.535 247.1332
LForearm -0.563972 1.905267 -0.1122161 293.4209 108.9972 240.7248
LHand -1.024432 2.079556 -0.2136673 347.61 348.4473 340.1734
LHandEff -1.187127 2.138974 -0.2602467 347.61 348.4473 340.1734
RShoulder 0.06882261 1.805591 -0.04333816 278.8712 195.7405 10.50468
RArmRoot 0.2646556 1.799456 -0.1393703 58.60875 100.2675 342.5904
RForearm 0.5126005 1.95809 -0.3011522 299.7914 279.0206 294.8061
RHand 0.8706355 2.184801 -0.5715331 346.6465 33.54817 206.4152
RHandEff 0.9943259 2.262435 -0.6756636 346.6465 33.54817 206.4152
Spine1 0 1.231914 0.00762345 358.4557 276.0971 263.233
LLegRoot -0.1013001 1.111292 -0.007653442 22.10487 358.6792 353.5288
LShin -0.168717 0.6794555 -0.1670113 43.6852 11.11411 162.1749
LRootFoot 0.3043606 0.5622362 -0.3740456 27.34834 156.3693 357.0066
LToe 0.1642785 0.5358969 -0.3292402 26.64204 192.5822 179.0705
RLegRoot 0.09780719 1.108166 -0.005223637 350.1703 359.0142 355.6452
RShin 0.07967599 0.653143 0.08989657 10.93326 178.8221 80.76659
RRootFoot 0.1625876 0.1399579 0.1907553 340.2445 128.1087 4.181082
RToe 0.1841179 0.06927952 0.3206216 6.227839 276.0544 162.0306
SpineRoot 0 1.231914 0.00762345 358.3986 268.494 337.9574
Spine2 0.00599912 1.347896 0.02208006 355.0444 274.8727 276.4402
HeadRoot 0.04310951 1.813375 -0.01776077 295.5858 346.984 18.54565
Head 0.03173313 1.915188 0.02379249 23.93254 7.347475 278.6431
LShoulder -0.0133435 1.810762 -0.03227666 280.3439 181.9305 167.1669
LArmRoot -0.2275764 1.80206 -0.07275961 296.1486 104.7 248.1518
LForearm -0.5311151 1.930764 -0.1369028 294.9873 106.048 241.8657
LHand -0.9827834 2.118018 -0.2536269 347.2372 346.8957 338.5737
LHandEff -1.142117 2.181919 -0.3055791 347.2372 346.8957 338.5737
RShoulder 0.09502471 1.801332 -0.04151497 277.8921 196.0111 10.97232
RArmRoot 0.2895777 1.79563 -0.1401405 60.29399 101.2369 344.1451
RForearm 0.5434453 1.94766 -0.2990511 297.9921 279.9467 293.2792
RHand 0.9107424 2.164388 -0.5651618 348.0639 33.41483 204.9633
RHandEff 1.037846 2.238447 -0.6677744 348.0639 33.41483 204.9633
Spine1 0 1.231914 0.00762345 357.6165 274.5723 262.6911
LLegRoot -0.1025157 1.112662 -0.01010685 22.06053 357.664 353.5241
LShin -0.1671497 0.6807094 -0.1702995 33.31316 359.0715 126.3759
LRootFoot 0.15066 0.3244165 -0.3993373 57.0665 204.5483 40.78258
LToe 0.04261643 0.4015249 -0.3307432 32.56108 235.0383 228.2028
RLegRoot 0.09648436 1.107096 -0.004875082 350.0091 358.0974 355.88
RShin 0.07869424 0.6522812 0.09129636 5.823357 178.3472 84.25044
RRootFoot 0.1301793 0.1281304 0.1462614 339.6816 125.5519 10.46389
RToe 0.1466793 0.04523836 0.2694722 3.648694 275.1905 156.6717
SpineRoot 0 1.231914 0.00762345 358.1246 267.8459 337.6227
Spine2 0.006420899 1.347823 0.02247839 352.9782 273.7402 274.8413
HeadRoot 0.06198589 1.812375 -0.004697919 293.2761 340.7562 23.57916
Head 0.04706126 1.915773 0.03147097 20.99734 6.126307 279.748
LShoulder 0.005825529 1.812284 -0.02052451 279.7112 152.1247 194.1665
LArmRoot -0.2057988 1.821292 -0.07291112 294.5489 102.0441 249.7712
LForearm -0.5110208 1.943786 -0.1410982 294.7466 102.069 244.6924
LHand -0.9595377 2.134017 -0.264942 348.4794 345.7649 338.3167
LHandEff -1.117833 2.198951 -0.3187546 348.4794 345.7649 338.3167
RShoulder 0.1139453 1.798939 -0.0275924 278.215 250.5875 320.7411
RArmRoot 0.2989936 1.818669 -0.1415143 65.71236 99.28158 352.7845
RForearm 0.590106 1.948671 -0.2471912 293.0672 278.5998 286.1972
RHand 1.008281 2.13781 -0.4522483 352.5954 26.41888 201.3629
RHandEff 1.154126 2.202601 -0.5341082 352.5954 26.41888 201.3629
Spine1 0 1.231914 0.00762345 357.2398 273.1757 262.5435
LLegRoot -0.1028475 1.113245 -0.01199885 21.98555 356.9565 353.6245
LShin -0.164722 0.6809722 -0.1724163 25.85422 356.2554 102.8708
LRootFoot -0.0323164 0.2164143 -0.3893509 47.04483 261.2971 82.65736
LToe -0.06973605 0.3422258 -0.3179681 15.32238 267.6577 251.2629
RLegRoot 0.09605184 1.106728 -0.004517622 350.4767 357.4756 355.6389
RShin 0.07542931 0.6512034 0.08764707 4.7198 177.7345 84.96159
RRootFoot 0.1201828 0.1255047 0.1328548 339.3256 124.7519 11.93048
RToe 0.1353353 0.03963992 0.2541886 3.266618 274.8214 155.3025
SpineRoot 0 1.231914 0.00762345 358.1246 267.8459 337.6227
Spine2 0.006420899 1.347823 0.02247839 352.9782 273.7402 274.8413
HeadRoot 0.06198589 1.812375 -0.004697919 293.2761 340.7562 23.57916
Head 0.04706126 1.915773 0.03147097 20.99734 6.126307 279.748
LShoulder 0.005825529 1.812284 -0.02052451 279.7112 152.1247 194.1665
LArmRoot -0.2057988 1.821292 -0.07291112 294.5489 102.0441 249.7712
LForearm -0.5110208 1.943786 -0.1410982 294.7466 102.069 244.6924
LHand -0.9595377 2.134017 -0.264942 348.4794 345.7649 338.3167
LHandEff -1.117833 2.198951 -0.3187546 348.4794 345.7649 338.3167
RShoulder 0.1139453 1.798939 -0.0275924 278.215 250.5875 320.7411
RArmRoot 0.2989936 1.818669 -0.1415143 65.71236 99.28158 352.7845
RForearm 0.590106 1.948671 -0.2471912 293.0672 278.5998 286.1972
RHand 1.008281 2.13781 -0.4522483 352.5954 26.41888 201.3629
RHandEff 1.154126 2.202601 -0.5341082 352.5954 26.41888 201.3629
Spine1 0 1.231914 0.00762345 357.2398 273.1757 262.5435
LLegRoot -0.1028475 1.113245 -0.01199885 21.98555 356.9565 353.6245
LShin -0.164722 0.6809722 -0.1724163 25.85422 356.2554 102.8708
LRootFoot -0.0323164 0.2164143 -0.3893509 47.04483 261.2971 82.65736
LToe -0.06973605 0.3422258 -0.3179681 15.32238 267.6577 251.2629
RLegRoot 0.09605184 1.106728 -0.004517622 350.4767 357.4756 355.6389
RShin 0.07542931 0.6512034 0.08764707 4.7198 177.7345 84.96159
RRootFoot 0.1201828 0.1255047 0.1328548 339.3256 124.7519 11.93048
RToe 0.1353353 0.03963992 0.2541886 3.266618 274.8214 155.3025
SpineRoot 0 1.231914 0.00762345 354.3568 272.8361 335.5275
Spine2 0.0100139 1.347679 0.02158961 351.93 273.4575 280.3045
HeadRoot 0.07089292 1.806787 -0.05016193 294.3253 349.5321 14.59336
Head 0.06215425 1.909567 -0.01038713 23.25434 5.448409 276.4861
LShoulder 0.01460807 1.805899 -0.0655146 285.0147 158.8519 190.1372
LArmRoot -0.1991001 1.815848 -0.1084123 284.5222 177.7919 180.6516
LForearm -0.534101 1.806488 -0.1308042 284.6313 181.5924 172.3513
LHand -1.033921 1.789588 -0.1816714 345.6688 350.082 2.576358
LHandEff -1.210764 1.781776 -0.210567 345.6688 350.082 2.576358
RShoulder 0.1224996 1.790573 -0.07203314 296.6225 131.424 70.83829
RArmRoot 0.3080476 1.698214 -0.1402389 72.7346 39.71151 311.3712
RForearm 0.6390292 1.75422 -0.1516045 286.7289 217.0547 326.1351
RHand 1.133792 1.834849 -0.1890378 345.6282 5.676835 188.9212
RHandEff 1.309429 1.861793 -0.2134349 345.6282 5.676835 188.9212
Spine1 0 1.231914 0.00762345 355.4435 273.172 262.8835
LLegRoot -0.1118853 1.120958 -0.007050862 22.94338 0.575826 356.9106
LShin -0.1573904 0.6883529 -0.1719884 25.92767 0.01726635 96.00903
LRootFoot -0.1020254 0.2147353 -0.4022642 40.72353 269.1107 82.35283
LToe -0.1151266 0.342357 -0.3256789 9.064281 275.4839 250.3229
RLegRoot 0.08605343 1.101375 -0.01685659 351.0399 2.181095 355.0805
RShin 0.06836553 0.6451395 0.07235424 1.404693 182.1676 93.55117
RRootFoot 0.03607985 0.1167815 0.08654169 348.0113 118.7201 21.55335
RToe 0.02516439 0.02358273 0.2028133 351.2389 271.7016 151.3117
SpineRoot 0 1.231914 0.00762345 354.3568 272.8361 335.5275
Spine2 0.0100139 1.347679 0.02158961 351.93 273.4575 280.3045
HeadRoot 0.07089292 1.806787 -0.05016193 294.3253 349.5321 14.59336
Head 0.06215425 1.909567 -0.01038713 23.25434 5.448409 276.4861
LShoulder 0.01460807 1.805899 -0.0655146 285.0147 158.8519 190.1372
LArmRoot -0.1991001 1.815848 -0.1084123 284.5222 177.7919 180.6516
LForearm -0.534101 1.806488 -0.1308042 284.6313 181.5924 172.3513
LHand -1.033921 1.789588 -0.1816714 345.6688 350.082 2.576358
LHandEff -1.210764 1.781776 -0.210567 345.6688 350.082 2.576358
RShoulder 0.1224996 1.790573 -0.07203314 296.6225 131.424 70.83829
RArmRoot 0.3080476 1.698214 -0.1402389 72.7346 39.71151 311.3712
RForearm 0.6390292 1.75422 -0.1516045 286.7289 217.0547 326.1351
RHand 1.133792 1.834849 -0.1890378 345.6282 5.676835 188.9212
RHandEff 1.309429 1.861793 -0.2134349 345.6282 5.676835 188.9212
Spine1 0 1.231914 0.00762345 355.4435 273.172 262.8835
LLegRoot -0.1118853 1.120958 -0.007050862 22.94338 0.575826 356.9106
LShin -0.1573904 0.6883529 -0.1719884 25.92767 0.01726635 96.00903
LRootFoot -0.1020254 0.2147353 -0.4022642 40.72353 269.1107 82.35283
LToe -0.1151266 0.342357 -0.3256789 9.064281 275.4839 250.3229
RLegRoot 0.08605343 1.101375 -0.01685659 351.0399 2.181095 355.0805
RShin 0.06836553 0.6451395 0.07235424 1.404693 182.1676 93.55117
RRootFoot 0.03607985 0.1167815 0.08654169 348.0113 118.7201 21.55335
RToe 0.02516439 0.02358273 0.2028133 351.2389 271.7016 151.3117
SpineRoot 0 1.231914 0.00762345 355.6095 268.8152 336.0663
Spine2 0.01479886 1.347069 0.02236092 353.1953 274.4035 280.799
HeadRoot 0.0639827 1.806903 -0.05358819 293.5871 340.8902 25.06077
Head 0.04882097 1.910064 -0.01684649 21.01654 7.875406 280.4613
LShoulder 0.007471769 1.804635 -0.06793559 294.9665 226.6249 121.3063
LArmRoot -0.1932407 1.725946 -0.1015937 296.0203 228.1666 130.5061
LForearm -0.5060572 1.603675 -0.1048153 294.4884 124.9639 222.6088
LHand -0.9718771 1.744738 -0.2305365 341.3928 346.4826 354.3367
LHandEff -1.144096 1.761512 -0.2777465 341.3928 346.4826 354.3367
RShoulder 0.1155521 1.7917 -0.07625848 291.014 141.9516 60.26113
RArmRoot 0.3097909 1.72376 -0.1488247 66.80704 318.459 257.3773
RForearm 0.6043593 1.682852 0.007286193 296.7749 111.7203 24.0748
RHand 0.9442849 1.590475 0.3659083 346.7615 290.3783 236.1069
RHandEff 1.011074 1.735401 0.4477946 346.7615 290.3783 236.1069
Spine1 0 1.231914 0.00762345 353.2522 274.3987 262.2267
LLegRoot -0.1081668 1.118373 -0.01366827 22.88318 356.9934 354.9701
LShin -0.1589628 0.687207 -0.180814 25.74586 356.3309 94.4901
LRootFoot -0.1029174 0.2117043 -0.407004 39.20712 267.9907 83.57459
LToe -0.1150742 0.3408465 -0.3328507 7.457849 273.691 251.1027
RLegRoot 0.09035306 1.103128 -0.009562379 350.9666 358.2519 355.308
RShin 0.06841906 0.6469268 0.07887832 1.906339 177.9403 102.0191
RRootFoot -0.04239738 0.1292881 0.09213329 354.4226 117.2451 23.91667
RToe -0.06635387 0.04007623 0.2095708 344.4651 270.4115 152.1494
SpineRoot 0 1.231914 0.00762345 355.6095 268.8152 336.0663
Spine2 0.01479886 1.347069 0.02236092 353.1953 274.4035 280.799
HeadRoot 0.0639827 1.806903 -0.05358819 293.5871 340.8902 25.06077
Head 0.04882097 1.910064 -0.01684649 21.01654 7.875406 280.4613
LShoulder 0.007471769 1.804635 -0.06793559 294.9665 226.6249 121.3063
LArmRoot -0.1932407 1.725946 -0.1015937 296.0203 228.1666 130.5061
LForearm -0.5060572 1.603675 -0.1048153 294.4884 124.9639 222.6088
LHand -0.9718771 1.744738 -0.2305365 341.3928 346.4826 354.3367
LHandEff -1.144096 1.761512 -0.2777465 341.3928 346.4826 354.3367
RShoulder 0.1155521 1.7917 -0.07625848 291.014 141.9516 60.26113
RArmRoot 0.3097909 1.72376 -0.1488247 66.80704 318.459 257.3773
RForearm 0.6043593 1.682852 0.007286193 296.7749 111.7203 24.0748
RHand 0.9442849 1.590475 0.3659083 346.7615 290.3783 236.1069
RHandEff 1.011074 1.735401 0.4477946 346.7615 290.3783 236.1069
Spine1 0 1.231914 0.00762345 353.2522 274.3987 262.2267
LLegRoot -0.1081668 1.118373 -0.01366827 22.88318 356.9934 354.9701
LShin -0.1589628 0.687207 -0.180814 25.74586 356.3309 94.4901
LRootFoot -0.1029174 0.2117043 -0.407004 39.20712 267.9907 83.57459
LToe -0.1150742 0.3408465 -0.3328507 7.457849 273.691 251.1027
RLegRoot 0.09035306 1.103128 -0.009562379 350.9666 358.2519 355.308
RShin 0.06841906 0.6469268 0.07887832 1.906339 177.9403 102.0191
RRootFoot -0.04239738 0.1292881 0.09213329 354.4226 117.2451 23.91667
RToe -0.06635387 0.04007623 0.2095708 344.4651 270.4115 152.1494
SpineRoot 0 1.231914 0.00762345 354.9275 265.7977 335.7695
Spine2 0.01466647 1.347014 0.02291251 351.2059 275.0874 279.7699
HeadRoot 0.07973157 1.805869 -0.04675134 293.9229 349.1842 16.63329
Head 0.0706956 1.908911 -0.007728578 22.62593 7.250071 277.2242
LShoulder 0.02304561 1.805853 -0.06057808 294.6192 231.19 121.5158
LArmRoot -0.1802104 1.728362 -0.07768391 308.845 245.8917 113.3821
LForearm -0.4482387 1.526211 -0.06718487 328.7422 266.3156 140.4506
LHand -0.6388906 1.252592 0.3089499 310.0566 45.53581 23.15269
LHandEff -0.7158831 1.207209 0.4644557 310.0566 45.53581 23.15269
RShoulder 0.1305066 1.789162 -0.07014491 294.1669 133.7 68.89883
RArmRoot 0.3190523 1.705823 -0.141667 39.7965 289.1581 220.0342
RForearm 0.5424195 1.496624 -0.003256846 328.0874 100.0848 46.00745
RHand 0.7917791 1.189637 0.3070205 324.6161 343.9278 126.5473
RHandEff 0.8713109 1.072161 0.4167643 324.6161 343.9278 126.5473
Spine1 0 1.231914 0.00762345 353.4022 274.8789 261.9045
LLegRoot -0.1081813 1.119774 -0.02005789 22.72891 353.7074 353.6447
LShin -0.1600892 0.6895499 -0.1892774 25.26458 353.0012 90.68114
LRootFoot -0.1263045 0.2107018 -0.4128149 35.84991 264.2513 81.41772
LToe -0.1344468 0.3378471 -0.3347634 4.307003 271.0533 249.026
RLegRoot 0.08965208 1.102166 -0.005522073 355.5451 356.7238 347.0899
RShin 0.001403018 0.6478064 0.04129581 20.53802 173.7908 66.3811
RRootFoot 0.1939069 0.1934694 0.2334574 338.4276 130.3837 345.1453
RToe 0.216518 0.158143 0.3768625 17.72551 274.4994 176.0731
SpineRoot 0 1.231914 0.00762345 354.9275 265.7977 335.7695
Spine2 0.01466647 1.347014 0.02291251 351.2059 275.0874 279.7699
HeadRoot 0.07973157 1.805869 -0.04675134 293.9229 349.1842 16.63329
Head 0.0706956 1.908911 -0.007728578 22.62593 7.250071 277.2242
LShoulder 0.02304561 1.805853 -0.06057808 294.6192 231.19 121.5158
LArmRoot -0.1802104 1.728362 -0.07768391 308.845 245.8917 113.3821
LForearm -0.4482387 1.526211 -0.06718487 328.7422 266.3156 140.4506
LHand -0.6388906 1.252592 0.3089499 310.0566 45.53581 23.15269
LHandEff -0.7158831 1.207209 0.4644557 310.0566 45.53581 23.15269
RShoulder 0.1305066 1.789162 -0.07014491 294.1669 133.7 68.89883
RArmRoot 0.3190523 1.705823 -0.141667 39.7965 289.1581 220.0342
RForearm 0.5424195 1.496624 -0.003256846 328.0874 100.0848 46.00745
RHand 0.7917791 1.189637 0.3070205 324.6161 343.9278 126.5473
RHandEff 0.8713109 1.072161 0.4167643 324.6161 343.9278 126.5473
Spine1 0 1.231914 0.00762345 353.4022 274.8789 261.9045
LLegRoot -0.1081813 1.119774 -0.02005789 22.72891 353.7074 353.6447
LShin -0.1600892 0.6895499 -0.1892774 25.26458 353.0012 90.68114
LRootFoot -0.1263045 0.2107018 -0.4128149 35.84991 264.2513 81.41772
LToe -0.1344468 0.3378471 -0.3347634 4.307003 271.0533 249.026
RLegRoot 0.08965208 1.102166 -0.005522073 355.5451 356.7238 347.0899
RShin 0.001403018 0.6478064 0.04129581 20.53802 173.7908 66.3811
RRootFoot 0.1939069 0.1934694 0.2334574 338.4276 130.3837 345.1453
RToe 0.216518 0.158143 0.3768625 17.72551 274.4994 176.0731
SpineRoot 0 1.231914 0.00762345 354.5614 265.3194 333.9316
Spine2 0.0151573 1.346524 0.02583683 352.341 278.1124 278.1559
HeadRoot 0.06950427 1.808288 -0.03293741 295.6524 354.5054 13.95378
Head 0.06407946 1.910105 0.009796062 24.60512 9.885353 276.5931
LShoulder 0.01221642 1.807706 -0.04399363 293.4642 238.2336 118.9082
LArmRoot -0.1922815 1.731651 -0.04655854 304.5897 249.6309 111.0547
LForearm -0.4715544 1.545293 -0.03694991 315.3922 261.2281 137.104
LHand -0.7651884 1.301698 0.2903617 317.8756 58.35792 9.498551
LHandEff -0.8410906 1.279745 0.4513789 317.8756 58.35792 9.498551
RShoulder 0.1193292 1.793156 -0.05926164 294.1741 133.6007 73.52997
RArmRoot 0.3002304 1.707468 -0.1461103 39.24998 292.7567 215.852
RForearm 0.5305313 1.485725 -0.04312387 337.0172 99.0983 57.07388
RHand 0.7364142 1.097277 0.2006252 332.4146 356.303 117.1127
RHandEff 0.8132186 0.9557766 0.2796708 332.4146 356.303 117.1127
Spine1 0 1.231914 0.00762345 353.7763 277.9326 260.0953
LLegRoot -0.1082759 1.121169 -0.02488421 23.27412 353.0775 353.0024
LShin -0.1629766 0.6932597 -0.1990215 22.98323 352.5861 93.28028
LRootFoot -0.1062934 0.2065595 -0.3998097 38.55083 263.0398 85.90202
LToe -0.1246242 0.3381016 -0.3313631 6.643822 267.4951 252.8627
RLegRoot 0.0893131 1.102294 -0.008706585 354.1531 356.5229 346.6125
RShin -0.003561274 0.6500503 0.04849838 351.1527 179.0786 55.35107
RRootFoot 0.2985418 0.2196121 -0.01365109 353.7594 86.52953 296.5397
RToe 0.2009011 0.2996317 0.06627031 30.40668 241.1506 228.8324
SpineRoot 0 1.231914 0.00762345 354.5614 265.3194 333.9316
Spine2 0.0151573 1.346524 0.02583683 352.341 278.1124 278.1559
HeadRoot 0.06950427 1.808288 -0.03293741 295.6524 354.5054 13.95378
Head 0.06407946 1.910105 0.009796062 24.60512 9.885353 276.5931
LShoulder 0.01221642 1.807706 -0.04399363 293.4642 238.2336 118.9082
LArmRoot -0.1922815 1.731651 -0.04655854 304.5897 249.6309 111.0547
LForearm -0.4715544 1.545293 -0.03694991 315.3922 261.2281 137.104
LHand -0.7651884 1.301698 0.2903617 317.8756 58.35792 9.498551
LHandEff -0.8410906 1.279745 0.4513789 317.8756 58.35792 9.498551
RShoulder 0.1193292 1.793156 -0.05926164 294.1741 133.6007 73.52997
RArmRoot 0.3002304 1.707468 -0.1461103 39.24998 292.7567 215.852
RForearm 0.5305313 1.485725 -0.04312387 337.0172 99.0983 57.07388
RHand 0.7364142 1.097277 0.2006252 332.4146 356.303 117.1127
RHandEff 0.8132186 0.9557766 0.2796708 332.4146 356.303 117.1127
Spine1 0 1.231914 0.00762345 353.7763 277.9326 260.0953
LLegRoot -0.1082759 1.121169 -0.02488421 23.27412 353.0775 353.0024
LShin -0.1629766 0.6932597 -0.1990215 22.98323 352.5861 93.28028
LRootFoot -0.1062934 0.2065595 -0.3998097 38.55083 263.0398 85.90202
LToe -0.1246242 0.3381016 -0.3313631 6.643822 267.4951 252.8627
RLegRoot 0.0893131 1.102294 -0.008706585 354.1531 356.5229 346.6125
RShin -0.003561274 0.6500503 0.04849838 351.1527 179.0786 55.35107
RRootFoot 0.2985418 0.2196121 -0.01365109 353.7594 86.52953 296.5397
RToe 0.2009011 0.2996317 0.06627031 30.40668 241.1506 228.8324
SpineRoot 0 1.231914 0.00762345 351.3096 262.2533 331.7459
Spine2 0.01715579 1.346139 0.0264663 351.6833 278.6425 278.3746
HeadRoot 0.07589786 1.806967 -0.03535762 294.2701 356.2471 12.68631
Head 0.07205416 1.909803 0.005040025 23.40251 10.0921 275.6448
LShoulder 0.01850136 1.806946 -0.04585126 283.486 185.0806 159.6285
LArmRoot -0.1917868 1.789232 -0.1013084 284.4684 195.5309 163.8284
LForearm -0.525691 1.755735 -0.1154722 288.4785 230.3646 151.8195
LHand -0.9817398 1.680494 0.08214113 345.7202 9.827478 8.950795
LHandEff -1.15514 1.65345 0.1191638 345.7202 9.827478 8.950795
RShoulder 0.1252961 1.791155 -0.06208341 295.2408 133.4659 74.69294
RArmRoot 0.3030851 1.70141 -0.1512317 68.54008 326.9742 255.4932
RForearm 0.620976 1.659015 -0.05141869 297.9821 113.7648 37.23582
RHand 1.028093 1.516298 0.206613 351.1366 300.0629 239.7775
RHandEff 1.093987 1.669427 0.2727875 351.1366 300.0629 239.7775
Spine1 0 1.231914 0.00762345 352.9195 278.4841 259.5796
LLegRoot -0.1116643 1.128594 -0.03597689 22.2772 348.8932 352.196
LShin -0.1613616 0.6988793 -0.2071424 17.88888 348.3275 100.0481
LRootFoot -0.03847803 0.202676 -0.345301 46.65998 254.7435 94.62068
LToe -0.08631467 0.3379408 -0.3035952 14.49987 254.5325 259.6883
RLegRoot 0.08339943 1.098504 -0.009441448 352.2981 352.9333 347.8162
RShin -0.005168645 0.6467703 0.05774917 351.2469 176.0353 55.92249
RRootFoot 0.2954413 0.2132763 0.01167885 355.5904 79.86764 290.2031
RToe 0.1929092 0.3050976 0.06981902 31.27248 237.7931 236.4184
SpineRoot 0 1.231914 0.00762345 351.9049 261.0007 330.9818
Spine2 0.01540211 1.346336 0.02678387 357.5039 277.4825 280.8667
HeadRoot 0.0259548 1.808908 -0.04772041 293.1041 350.3126 18.33582
Head 0.01777852 1.912492 -0.009964744 21.63117 10.09299 277.6312
LShoulder -0.03092108 1.802474 -0.05904373 285.9396 202.591 145.9184
LArmRoot -0.2429399 1.768895 -0.09816974 283.9953 177.342 178.3461
LForearm -0.5764098 1.75636 -0.1363194 284.6859 168.2121 202.5559
LHand -1.068957 1.805244 -0.04856735 346.3994 28.68279 1.735523
LHandEff -1.225621 1.799964 0.03859882 346.3994 28.68279 1.735523
RShoulder 0.07721595 1.79772 -0.07324672 294.5716 142.2403 64.15824
RArmRoot 0.2617711 1.71606 -0.1562009 70.75776 7.71844 292.9693
RForearm 0.5888712 1.748238 -0.08702958 287.6093 168.3818 355.1705
RHand 1.071386 1.761042 0.05335838 342.4651 344.554 200.1889
RHandEff 1.238611 1.820065 0.08021594 342.4651 344.554 200.1889
Spine1 0 1.231914 0.00762345 353.7015 277.8813 259.6176
LLegRoot -0.1093149 1.127771 -0.03980499 20.59045 348.5348 345.7739
LShin -0.2109771 0.7048278 -0.204747 22.21907 347.3918 116.7111
LRootFoot 0.06034911 0.266928 -0.327351 61.21009 237.5326 81.83019
LToe -0.02795475 0.3819702 -0.2914068 29.44262 245.0787 252.5924
RLegRoot 0.08542039 1.099728 -0.008964423 352.368 351.5809 348.4206
RShin 0.0001400618 0.6470929 0.05638713 348.8578 175.7971 52.99671
RRootFoot 0.3239778 0.232178 -0.001756176 326.8678 121.2308 336.0155
RToe 0.3212382 0.1989149 0.1438814 31.81122 260.7791 175.2579
SpineRoot 0 1.231914 0.00762345 356.4695 261.5399 332.126
Spine2 0.01258547 1.346882 0.02553377 10.50908 275.5264 283.4907
HeadRoot -0.07979616 1.798386 -0.05958222 291.2194 357.7427 8.26746
Head -0.0819526 1.903263 -0.02467863 20.7492 6.587902 273.1904
LShoulder -0.1332152 1.778929 -0.07270896 286.9982 207.6949 141.5246
LArmRoot -0.3448058 1.739241 -0.1082712 282.3639 167.1999 172.8312
LForearm -0.6554755 1.720489 -0.2345541 286.199 136.0256 231.7375
LHand -1.142674 1.8306 -0.1779295 351.4626 12.57399 331.812
LHandEff -1.299707 1.914384 -0.1557899 351.4626 12.57399 331.812
RShoulder -0.02637595 1.798841 -0.08304606 293.8706 152.5997 44.36235
RArmRoot 0.1763245 1.737103 -0.1351166 66.48824 19.41737 305.6473
RForearm 0.4985366 1.803996 -0.06789124 292.9345 196.8622 332.1677
RHand 0.9866546 1.895453 0.01001387 339.2678 350.0595 194.5687
RHandEff 1.160398 1.937647 0.02424879 339.2678 350.0595 194.5687
Spine1 0 1.231914 0.00762345 354.8223 276.6763 260.5318
LLegRoot -0.1015828 1.11835 -0.03514275 20.83534 350.6901 349.6656
LShin -0.1784757 0.6885754 -0.1957787 65.91069 179.3896 290.8634
LRootFoot 0.01491439 0.8905386 -0.6454642 352.1621 216.61 337.3899
LToe -0.01457414 0.7802051 -0.5491253 7.047819 245.1999 142.3661
RLegRoot 0.09502298 1.106086 -0.005899696 352.6394 352.7978 348.2847
RShin 0.01034211 0.6532678 0.0589617 349.1833 177.0598 51.38543
RRootFoot 0.3443605 0.2468619 -0.001633493 347.666 78.94636 308.1656
RToe 0.2300841 0.2979326 0.07995664 30.32008 227.807 213.7718
SpineRoot 0 1.231914 0.00762345 356.4695 261.5399 332.126
Spine2 0.01258547 1.346882 0.02553377 10.50908 275.5264 283.4907
HeadRoot -0.07979616 1.798386 -0.05958222 291.2194 357.7427 8.26746
Head -0.0819526 1.903263 -0.02467863 20.7492 6.587902 273.1904
LShoulder -0.1332152 1.778929 -0.07270896 286.9982 207.6949 141.5246
LArmRoot -0.3448058 1.739241 -0.1082712 282.3639 167.1999 172.8312
LForearm -0.6554755 1.720489 -0.2345541 286.199 136.0256 231.7375
LHand -1.142674 1.8306 -0.1779295 351.4626 12.57399 331.812
LHandEff -1.299707 1.914384 -0.1557899 351.4626 12.57399 331.812
RShoulder -0.02637595 1.798841 -0.08304606 293.8706 152.5997 44.36235
RArmRoot 0.1763245 1.737103 -0.1351166 66.48824 19.41737 305.6473
RForearm 0.4985366 1.803996 -0.06789124 292.9345 196.8622 332.1677
RHand 0.9866546 1.895453 0.01001387 339.2678 350.0595 194.5687
RHandEff 1.160398 1.937647 0.02424879 339.2678 350.0595 194.5687
Spine1 0 1.231914 0.00762345 354.8223 276.6763 260.5318
LLegRoot -0.1015828 1.11835 -0.03514275 20.83534 350.6901 349.6656
LShin -0.1784757 0.6885754 -0.1957787 65.91069 179.3896 290.8634
LRootFoot 0.01491439 0.8905386 -0.6454642 352.1621 216.61 337.3899
LToe -0.01457414 0.7802051 -0.5491253 7.047819 245.1999 142.3661
RLegRoot 0.09502298 1.106086 -0.005899696 352.6394 352.7978 348.2847
RShin 0.01034211 0.6532678 0.0589617 349.1833 177.0598 51.38543
RRootFoot 0.3443605 0.2468619 -0.001633493 347.666 78.94636 308.1656
RToe 0.2300841 0.2979326 0.07995664 30.32008 227.807 213.7718
SpineRoot 0 1.231914 0.00762345 4.341414 263.6887 334.8553
Spine2 -0.01385262 1.347315 0.02131657 22.0556 271.7815 284.4919
HeadRoot -0.1887232 1.771336 -0.07492018 293.8237 323.3298 40.66869
Head -0.2159472 1.874009 -0.04427611 17.61048 6.464816 286.032
LShoulder -0.236104 1.741589 -0.09149374 291.4794 223.1256 120.24
LArmRoot -0.436221 1.672565 -0.1444009 292.0004 225.7855 88.58443
LForearm -0.6405699 1.540876 -0.3761646 284.3939 214.8369 132.3142
LHand -1.124003 1.448472 -0.4783753 358.0303 20.99618 323.8246
LHandEff -1.260474 1.554278 -0.4298967 358.0303 20.99618 323.8246
RShoulder -0.1349726 1.782583 -0.09463932 290.3199 165.8149 18.12207
RArmRoot 0.08167551 1.759015 -0.1055259 61.52647 28.25613 329.1846
RForearm 0.3627772 1.886747 0.02669002 297.9874 207.4198 306.6989
RHand 0.7933369 2.075888 0.2042764 342.6758 333.3548 202.8794
RHandEff 0.9503478 2.142458 0.2598243 342.6758 333.3548 202.8794
Spine1 0 1.231914 0.00762345 7.115954 272.3681 263.5688
LLegRoot -0.08719885 1.103634 -0.02376721 20.01641 355.5605 357.5656
LShin -0.1145461 0.6627052 -0.1695634 27.05884 354.3104 80.36354
LRootFoot -0.1792068 0.1977883 -0.41467 26.0925 276.8988 79.13029
LToe -0.146775 0.3202556 -0.3354602 354.883 284.9049 245.825
RLegRoot 0.1101729 1.118709 -0.001937688 352.9413 356.1087 347.0201
RShin 0.01947508 0.6672745 0.06441934 348.2314 180.9226 47.3772
RRootFoot 0.3767327 0.2858197 -0.02081607 346.4688 68.46676 301.1257
RToe 0.2493986 0.3464985 0.02846263 34.8123 219.1566 220.0914
SpineRoot 0 1.231914 0.00762345 3.773371 258.676 333.3923
Spine2 -0.01451091 1.347215 0.02147451 14.44411 271.7613 281.642
HeadRoot -0.132113 1.7946 -0.05370087 292.8882 337.4347 26.16035
Head -0.1490802 1.89822 -0.01910226 20.19632 5.453726 280.5276
LShoulder -0.1832548 1.772201 -0.0706495 282.7367 207.3253 120.6718
LArmRoot -0.3661714 1.730824 -0.1821837 292.2764 220.3674 97.68729
LForearm -0.5876259 1.597837 -0.3968623 284.7369 206.884 134.8048
LHand -1.059552 1.507109 -0.5443304 348.8504 348.6094 359.6729
LHandEff -1.235336 1.508114 -0.5799466 348.8504 348.6094 359.6729
RShoulder -0.07758608 1.799431 -0.07389874 291.01 141.3597 39.96289
RArmRoot 0.1347359 1.749185 -0.07165742 66.27155 9.689852 318.1767
RForearm 0.4038998 1.839546 0.1077869 293.3698 188.5803 317.8443
RHand 0.8185874 1.97337 0.3584221 342.2081 326.5144 195.994
RHandEff 0.9707183 2.020427 0.4409542 342.2081 326.5144 195.994
Spine1 0 1.231914 0.00762345 7.429696 272.2166 263.4848
LLegRoot -0.08479773 1.105123 -0.03454724 19.55689 350.543 356.0537
LShin -0.1119807 0.6641707 -0.1803011 25.37923 349.3502 79.37434
LRootFoot -0.1667154 0.1939458 -0.417574 24.76753 273.7135 79.9959
LToe -0.1365301 0.3169775 -0.338351 353.4643 281.2872 246.4231
RLegRoot 0.1100488 1.118229 0.004471871 351.8322 351.0171 347.7897
RShin 0.01850192 0.6671777 0.07225081 344.6398 177.6353 46.65128
RRootFoot 0.3858925 0.2958614 -0.01466459 347.2116 67.25048 302.8265
RToe 0.2579117 0.3551213 0.03466569 33.35064 217.5994 218.7921
SpineRoot 0 1.231914 0.00762345 3.773371 258.676 333.3923
Spine2 -0.01451091 1.347215 0.02147451 14.44411 271.7613 281.642
HeadRoot -0.132113 1.7946 -0.05370087 292.8882 337.4347 26.16035
Head -0.1490802 1.89822 -0.01910226 20.19632 5.453726 280.5276
LShoulder -0.1832548 1.772201 -0.0706495 282.7367 207.3253 120.6718
LArmRoot -0.3661714 1.730824 -0.1821837 292.2764 220.3674 97.68729
LForearm -0.5876259 1.597837 -0.3968623 284.7369 206.884 134.8048
LHand -1.059552 1.507109 -0.5443304 348.8504 348.6094 359.6729
LHandEff -1.235336 1.508114 -0.5799466 348.8504 348.6094 359.6729
RShoulder -0.07758608 1.799431 -0.07389874 291.01 141.3597 39.96289
RArmRoot 0.1347359 1.749185 -0.07165742 66.27155 9.689852 318.1767
RForearm 0.4038998 1.839546 0.1077869 293.3698 188.5803 317.8443
RHand 0.8185874 1.97337 0.3584221 342.2081 326.5144 195.994
RHandEff 0.9707183 2.020427 0.4409542 342.2081 326.5144 195.994
Spine1 0 1.231914 0.00762345 7.429696 272.2166 263.4848
LLegRoot -0.08479773 1.105123 -0.03454724 19.55689 350.543 356.0537
LShin -0.1119807 0.6641707 -0.1803011 25.37923 349.3502 79.37434
LRootFoot -0.1667154 0.1939458 -0.417574 24.76753 273.7135 79.9959
LToe -0.1365301 0.3169775 -0.338351 353.4643 281.2872 246.4231
RLegRoot 0.1100488 1.118229 0.004471871 351.8322 351.0171 347.7897
RShin 0.01850192 0.6671777 0.07225081 344.6398 177.6353 46.65128
RRootFoot 0.3858925 0.2958614 -0.01466459 347.2116 67.25048 302.8265
RToe 0.2579117 0.3551213 0.03466569 33.35064 217.5994 218.7921
SpineRoot 0 1.231914 0.00762345 3.944857 255.6561 330.4653
Spine2 -0.0162238 1.34664 0.02410473 14.80346 270.6657 278.186
HeadRoot -0.1358435 1.797071 -0.02527026 292.7092 340.1009 22.39472
Head -0.1507213 1.900867 0.009759081 20.6757 4.130452 279.0448
LShoulder -0.1868058 1.775449 -0.04370499 280.6064 220.5646 103.7347
LArmRoot -0.3616442 1.736436 -0.1682837 296.8345 235.5537 109.5058
LForearm -0.6507897 1.585417 -0.2483015 285.7756 212.8022 139.7471
LHand -1.142603 1.497108 -0.303203 347.7401 355.9765 356.9964
LHandEff -1.321134 1.506292 -0.3177614 347.7401 355.9765 356.9964
RShoulder -0.08126713 1.803342 -0.04493127 287.7444 142.9069 43.97996
RArmRoot 0.1310091 1.757164 -0.06534539 67.85215 27.51509 327.7337
RForearm 0.4203748 1.854824 0.07445665 291.6177 206.3174 308.8743
RHand 0.864467 1.999004 0.2607017 345.8876 335.6807 196.9478
RHandEff 1.026062 2.049709 0.3197411 345.8876 335.6807 196.9478
Spine1 0 1.231914 0.00762345 8.240664 271.3775 262.0996
LLegRoot -0.08066836 1.106265 -0.04481623 19.42563 347.9996 355.2034
LShin -0.1083256 0.6657532 -0.1918076 23.82916 347.0588 81.33965
LRootFoot -0.1386706 0.186883 -0.4157905 26.17808 270.9157 81.46336
LToe -0.1163663 0.3123248 -0.3377448 354.6982 277.7037 247.9218
RLegRoot 0.111813 1.119966 0.004403897 350.4388 348.3012 347.9615
RShin 0.01627531 0.6707892 0.07880284 343.264 175.3278 49.01824
RRootFoot 0.3717762 0.2879676 -0.00764161 349.7109 65.55708 304.0448
RToe 0.2444709 0.3494812 0.04066698 30.58754 216.2685 219.0163
SpineRoot 0 1.231914 0.00762345 3.944857 255.6561 330.4653
Spine2 -0.0162238 1.34664 0.02410473 14.80346 270.6657 278.186
HeadRoot -0.1358435 1.797071 -0.02527026 292.7092 340.1009 22.39472
Head -0.1507213 1.900867 0.009759081 20.6757 4.130452 279.0448
LShoulder -0.1868058 1.775449 -0.04370499 280.6064 220.5646 103.7347
LArmRoot -0.3616442 1.736436 -0.1682837 296.8345 235.5537 109.5058
LForearm -0.6507897 1.585417 -0.2483015 285.7756 212.8022 139.7471
LHand -1.142603 1.497108 -0.303203 347.7401 355.9765 356.9964
LHandEff -1.321134 1.506292 -0.3177614 347.7401 355.9765 356.9964
RShoulder -0.08126713 1.803342 -0.04493127 287.7444 142.9069 43.97996
RArmRoot 0.1310091 1.757164 -0.06534539 67.85215 27.51509 327.7337
RForearm 0.4203748 1.854824 0.07445665 291.6177 206.3174 308.8743
RHand 0.864467 1.999004 0.2607017 345.8876 335.6807 196.9478
RHandEff 1.026062 2.049709 0.3197411 345.8876 335.6807 196.9478
Spine1 0 1.231914 0.00762345 8.240664 271.3775 262.0996
LLegRoot -0.08066836 1.106265 -0.04481623 19.42563 347.9996 355.2034
LShin -0.1083256 0.6657532 -0.1918076 23.82916 347.0588 81.33965
LRootFoot -0.1386706 0.186883 -0.4157905 26.17808 270.9157 81.46336
LToe -0.1163663 0.3123248 -0.3377448 354.6982 277.7037 247.9218
RLegRoot 0.111813 1.119966 0.004403897 350.4388 348.3012 347.9615
RShin 0.01627531 0.6707892 0.07880284 343.264 175.3278 49.01824
RRootFoot 0.3717762 0.2879676 -0.00764161 349.7109 65.55708 304.0448
RToe 0.2444709 0.3494812 0.04066698 30.58754 216.2685 219.0163
SpineRoot 0 1.231914 0.00762345 6.251393 257.161 330.3505
Spine2 -0.02115792 1.345659 0.02526565 18.13717 270.1162 280.1439
HeadRoot -0.1656981 1.786499 -0.04109076 291.02 335.7044 25.95851
Head -0.1822851 1.891321 -0.01011794 18.57821 3.206393 279.5343
LShoulder -0.2149366 1.76135 -0.05973421 283.5173 222.5667 103.4545
LArmRoot -0.3918995 1.711748 -0.1773529 290.3289 235.1109 147.8396
LForearm -0.695093 1.638935 -0.05250657 291.0847 237.8313 138.8364
LHand -1.157907 1.519904 0.1034684 345.1089 11.50079 15.1506
LHandEff -1.325153 1.474602 0.1497909 345.1089 11.50079 15.1506
RShoulder -0.1111916 1.795334 -0.05994463 288.3333 155.3833 33.81989
RArmRoot 0.1016299 1.757134 -0.08923845 66.47491 40.67909 321.8679
RForearm 0.4216476 1.852549 -0.05319271 292.8545 219.0091 314.9096
RHand 0.9039121 1.990821 -0.0216556 343.1856 354.8689 195.9465
RHandEff 1.076953 2.037992 -0.02042929 343.1856 354.8689 195.9465
Spine1 0 1.231914 0.00762345 10.66276 270.8449 261.4853
LLegRoot -0.07696893 1.102761 -0.0417735 17.84979 350.6665 352.9195
LShin -0.1316373 0.6611535 -0.1774823 32.78243 349.6955 100.5621
LRootFoot 0.0142799 0.2235002 -0.4374318 40.32484 231.0783 55.14697
LToe -0.04371688 0.3156269 -0.3350924 13.46495 251.2674 229.7924
RLegRoot 0.1160442 1.124446 0.002216243 351.0259 350.3137 347.3705
RShin 0.01932012 0.6751713 0.07446029 344.3416 176.7164 48.86814
RRootFoot 0.3732384 0.2911298 -0.01306031 349.1711 63.39885 305.7469
RToe 0.2431641 0.3488836 0.03243099 30.22911 213.4119 217.0205
SpineRoot 0 1.231914 0.00762345 6.251393 257.161 330.3505
Spine2 -0.02115792 1.345659 0.02526565 18.13717 270.1162 280.1439
HeadRoot -0.1656981 1.786499 -0.04109076 291.02 335.7044 25.95851
Head -0.1822851 1.891321 -0.01011794 18.57821 3.206393 279.5343
LShoulder -0.2149366 1.76135 -0.05973421 283.5173 222.5667 103.4545
LArmRoot -0.3918995 1.711748 -0.1773529 290.3289 235.1109 147.8396
LForearm -0.695093 1.638935 -0.05250657 291.0847 237.8313 138.8364
LHand -1.157907 1.519904 0.1034684 345.1089 11.50079 15.1506
LHandEff -1.325153 1.474602 0.1497909 345.1089 11.50079 15.1506
RShoulder -0.1111916 1.795334 -0.05994463 288.3333 155.3833 33.81989
RArmRoot 0.1016299 1.757134 -0.08923845 66.47491 40.67909 321.8679
RForearm 0.4216476 1.852549 -0.05319271 292.8545 219.0091 314.9096
RHand 0.9039121 1.990821 -0.0216556 343.1856 354.8689 195.9465
RHandEff 1.076953 2.037992 -0.02042929 343.1856 354.8689 195.9465
Spine1 0 1.231914 0.00762345 10.66276 270.8449 261.4853
LLegRoot -0.07696893 1.102761 -0.0417735 17.84979 350.6665 352.9195
LShin -0.1316373 0.6611535 -0.1774823 32.78243 349.6955 100.5621
LRootFoot 0.0142799 0.2235002 -0.4374318 40.32484 231.0783 55.14697
LToe -0.04371688 0.3156269 -0.3350924 13.46495 251.2674 229.7924
RLegRoot 0.1160442 1.124446 0.002216243 351.0259 350.3137 347.3705
RShin 0.01932012 0.6751713 0.07446029 344.3416 176.7164 48.86814
RRootFoot 0.3732384 0.2911298 -0.01306031 349.1711 63.39885 305.7469
RToe 0.2431641 0.3488836 0.03243099 30.22911 213.4119 217.0205
SpineRoot 0 1.231914 0.00762345 5.692753 257.9733 326.7346
Spine2 -0.02123191 1.345333 0.02717152 14.63877 268.8208 278.2494
HeadRoot -0.1378802 1.79605 -0.02651771 291.417 338.7895 21.59471
Head -0.1526303 1.900687 0.005971428 19.61063 1.787442 278.2021
LShoulder -0.1882794 1.774554 -0.04657597 281.1664 219.4211 103.2917
LArmRoot -0.3593268 1.73343 -0.1756572 283.2652 218.5817 206.4458
LForearm -0.516149 1.758053 0.1203415 282.7927 224.4175 195.8406
LHand -0.767912 1.788436 0.5543749 347.569 58.51565 357.1393
LHandEff -0.8631115 1.797177 0.7061321 347.569 58.51565 357.1393
RShoulder -0.08267619 1.802144 -0.04440221 287.1589 149.3402 41.10861
RArmRoot 0.1286473 1.759819 -0.07848123 74.57223 24.89845 295.8799
RForearm 0.4630597 1.788657 -0.09078269 282.122 145.1137 3.798023
RHand 0.8931208 1.781664 0.1693925 347.9668 331.8167 178.2168
RHandEff 1.050589 1.776206 0.2550871 347.9668 331.8167 178.2168
Spine1 0 1.231914 0.00762345 10.49218 269.339 260.2638
LLegRoot -0.07755094 1.10579 -0.04826523 18.74378 351.5637 355.7307
LShin -0.1108364 0.6631832 -0.1875968 23.07898 350.7896 88.35491
LRootFoot -0.09263135 0.1762313 -0.3948463 34.06211 263.5699 87.08385
LToe -0.1006067 0.3093244 -0.3274157 2.098292 267.373 253.4912
RLegRoot 0.116264 1.125544 -0.006974245 351.7263 351.7246 346.6089
RShin 0.01615311 0.6763684 0.06115082 344.6841 177.5954 49.05539
RRootFoot 0.3672993 0.2905945 -0.0298478 349.4075 65.66734 302.8567
RToe 0.2401306 0.3535527 0.01693553 31.42141 216.688 220.0346
SpineRoot 0 1.231914 0.00762345 5.692753 257.9733 326.7346
Spine2 -0.02123191 1.345333 0.02717152 14.63877 268.8208 278.2494
HeadRoot -0.1378802 1.79605 -0.02651771 291.417 338.7895 21.59471
Head -0.1526303 1.900687 0.005971428 19.61063 1.787442 278.2021
LShoulder -0.1882794 1.774554 -0.04657597 281.1664 219.4211 103.2917
LArmRoot -0.3593268 1.73343 -0.1756572 283.2652 218.5817 206.4458
LForearm -0.516149 1.758053 0.1203415 282.7927 224.4175 195.8406
LHand -0.767912 1.788436 0.5543749 347.569 58.51565 357.1393
LHandEff -0.8631115 1.797177 0.7061321 347.569 58.51565 357.1393
RShoulder -0.08267619 1.802144 -0.04440221 287.1589 149.3402 41.10861
RArmRoot 0.1286473 1.759819 -0.07848123 74.57223 24.89845 295.8799
RForearm 0.4630597 1.788657 -0.09078269 282.122 145.1137 3.798023
RHand 0.8931208 1.781664 0.1693925 347.9668 331.8167 178.2168
RHandEff 1.050589 1.776206 0.2550871 347.9668 331.8167 178.2168
Spine1 0 1.231914 0.00762345 10.49218 269.339 260.2638
LLegRoot -0.07755094 1.10579 -0.04826523 18.74378 351.5637 355.7307
LShin -0.1108364 0.6631832 -0.1875968 23.07898 350.7896 88.35491
LRootFoot -0.09263135 0.1762313 -0.3948463 34.06211 263.5699 87.08385
LToe -0.1006067 0.3093244 -0.3274157 2.098292 267.373 253.4912
RLegRoot 0.116264 1.125544 -0.006974245 351.7263 351.7246 346.6089
RShin 0.01615311 0.6763684 0.06115082 344.6841 177.5954 49.05539
RRootFoot 0.3672993 0.2905945 -0.0298478 349.4075 65.66734 302.8567
RToe 0.2401306 0.3535527 0.01693553 31.42141 216.688 220.0346
SpineRoot 0 1.231914 0.00762345 0.07767636 269.8318 325.4185
Spine2 -0.003366199 1.345471 0.03573593 355.437 275.917 280.1
HeadRoot 0.02651178 1.80794 -0.03400953 290.3156 1.873359 4.222232
Head 0.02720003 1.91337 -0.000750589 20.01851 6.367598 271.559
LShoulder -0.03022098 1.80374 -0.04698006 285.1431 208.1023 153.9467
LArmRoot -0.246712 1.778705 -0.03624317 290.7409 243.6844 158.2176
LForearm -0.4964487 1.723326 0.1814249 301.8316 307.1982 160.7114
LHand -0.3219717 1.635747 0.6446534 330.1812 104.2347 13.21976
LHandEff -0.2592673 1.60016 0.8088828 330.1812 104.2347 13.21976
RShoulder 0.07802261 1.795055 -0.05819834 291.7424 142.0743 63.92662
RArmRoot 0.2655661 1.722453 -0.1428547 50.99923 306.4281 201.8005
RForearm 0.5260261 1.517656 -0.1979302 322.2891 114.0701 46.13987
RHand 0.870513 1.230916 0.02967119 323.5807 349.5894 139.7108
RHandEff 0.992631 1.137586 0.1221175 323.5807 349.5894 139.7108
Spine1 0 1.231914 0.00762345 2.893489 274.8678 256.2962
LLegRoot -0.09929486 1.115871 -0.03384398 21.25819 0.8196399 356.116
LShin -0.1517292 0.6791979 -0.1854659 23.35325 0.2735424 92.3782
LRootFoot -0.1307575 0.1934633 -0.3952942 36.8251 276.7202 87.02306
LToe -0.1294974 0.326326 -0.3269553 4.858441 280.5667 253.6264
RLegRoot 0.0998508 1.116141 -0.03325948 354.3105 3.091015 344.7146
RShin -0.0009952444 0.666917 0.03344748 352.093 185.9097 47.48655
RRootFoot 0.3494139 0.2802989 -0.05680636 344.9539 80.17574 299.1572
RToe 0.2328758 0.341327 0.01403634 37.06565 231.0507 221.2345
SpineRoot 0 1.231914 0.00762345 0.07767636 269.8318 325.4185
Spine2 -0.003366199 1.345471 0.03573593 355.437 275.917 280.1
HeadRoot 0.02651178 1.80794 -0.03400953 290.3156 1.873359 4.222232
Head 0.02720003 1.91337 -0.000750589 20.01851 6.367598 271.559
LShoulder -0.03022098 1.80374 -0.04698006 285.1431 208.1023 153.9467
LArmRoot -0.246712 1.778705 -0.03624317 290.7409 243.6844 158.2176
LForearm -0.4964487 1.723326 0.1814249 301.8316 307.1982 160.7114
LHand -0.3219717 1.635747 0.6446534 330.1812 104.2347 13.21976
LHandEff -0.2592673 1.60016 0.8088828 330.1812 104.2347 13.21976
RShoulder 0.07802261 1.795055 -0.05819834 291.7424 142.0743 63.92662
RArmRoot 0.2655661 1.722453 -0.1428547 50.99923 306.4281 201.8005
RForearm 0.5260261 1.517656 -0.1979302 322.2891 114.0701 46.13987
RHand 0.870513 1.230916 0.02967119 323.5807 349.5894 139.7108
RHandEff 0.992631 1.137586 0.1221175 323.5807 349.5894 139.7108
Spine1 0 1.231914 0.00762345 2.893489 274.8678 256.2962
LLegRoot -0.09929486 1.115871 -0.03384398 21.25819 0.8196399 356.116
LShin -0.1517292 0.6791979 -0.1854659 23.35325 0.2735424 92.3782
LRootFoot -0.1307575 0.1934633 -0.3952942 36.8251 276.7202 87.02306
LToe -0.1294974 0.326326 -0.3269553 4.858441 280.5667 253.6264
RLegRoot 0.0998508 1.116141 -0.03325948 354.3105 3.091015 344.7146
RShin -0.0009952444 0.666917 0.03344748 352.093 185.9097 47.48655
RRootFoot 0.3494139 0.2802989 -0.05680636 344.9539 80.17574 299.1572
RToe 0.2328758 0.341327 0.01403634 37.06565 231.0507 221.2345
SpineRoot 0 1.231914 0.00762345 358.7055 272.9406 324.4358
Spine2 0.0007116946 1.346135 0.03311708 357.1565 275.5939 283.467
HeadRoot 0.01427839 1.804814 -0.06208615 289.424 334.2458 33.54163
Head -0.002524084 1.910454 -0.03415565 15.85677 9.302991 281.0123
LShoulder -0.04223165 1.797879 -0.07485268 290.4941 212.2663 142.1752
LArmRoot -0.2548824 1.75103 -0.08882646 311.1884 260.732 142.8568
LForearm -0.4516298 1.604562 0.1406341 326.5932 307.6678 169.9228
LHand -0.1875196 1.531137 0.5619978 304.6405 95.1572 331.5846
LHandEff -0.2432756 1.579652 0.725421 304.6405 95.1572 331.5846
RShoulder 0.06628405 1.792463 -0.08548114 292.3284 151.0613 49.70747
RArmRoot 0.2642652 1.729233 -0.1519331 29.0881 295.3865 203.5595
RForearm 0.4481951 1.451912 -0.106352 341.3242 107.7276 47.33834
RHand 0.66467 1.101717 0.1820833 321.2188 2.046688 105.8357
RHandEff 0.717442 0.9672058 0.288344 321.2188 2.046688 105.8357
Spine1 0 1.231914 0.00762345 0.8091243 275.2255 257.4389
LLegRoot -0.1042296 1.119009 -0.030237 21.58823 3.297509 356.1771
LShin -0.1628238 0.6831703 -0.1820068 23.7151 2.737937 94.9415
LRootFoot -0.1273981 0.2001542 -0.3961244 25.21579 333.2339 94.52995
LToe -0.07252523 0.3388396 -0.3872031 353.0556 333.0768 259.6833
RLegRoot 0.09460405 1.11451 -0.04045086 355.1728 5.768741 345.1248
RShin -0.0004597027 0.6636829 0.02389706 352.4828 188.8139 41.74682
RRootFoot 0.3828892 0.3141285 -0.0822214 342.0299 91.02587 288.844
RToe 0.2739644 0.3837942 -0.007346101 44.2249 245.368 231.0362
SpineRoot 0 1.231914 0.00762345 358.7055 272.9406 324.4358
Spine2 0.0007116946 1.346135 0.03311708 357.1565 275.5939 283.467
HeadRoot 0.01427839 1.804814 -0.06208615 289.424 334.2458 33.54163
Head -0.002524084 1.910454 -0.03415565 15.85677 9.302991 281.0123
LShoulder -0.04223165 1.797879 -0.07485268 290.4941 212.2663 142.1752
LArmRoot -0.2548824 1.75103 -0.08882646 311.1884 260.732 142.8568
LForearm -0.4516298 1.604562 0.1406341 326.5932 307.6678 169.9228
LHand -0.1875196 1.531137 0.5619978 304.6405 95.1572 331.5846
LHandEff -0.2432756 1.579652 0.725421 304.6405 95.1572 331.5846
RShoulder 0.06628405 1.792463 -0.08548114 292.3284 151.0613 49.70747
RArmRoot 0.2642652 1.729233 -0.1519331 29.0881 295.3865 203.5595
RForearm 0.4481951 1.451912 -0.106352 341.3242 107.7276 47.33834
RHand 0.66467 1.101717 0.1820833 321.2188 2.046688 105.8357
RHandEff 0.717442 0.9672058 0.288344 321.2188 2.046688 105.8357
Spine1 0 1.231914 0.00762345 0.8091243 275.2255 257.4389
LLegRoot -0.1042296 1.119009 -0.030237 21.58823 3.297509 356.1771
LShin -0.1628238 0.6831703 -0.1820068 23.7151 2.737937 94.9415
LRootFoot -0.1273981 0.2001542 -0.3961244 25.21579 333.2339 94.52995
LToe -0.07252523 0.3388396 -0.3872031 353.0556 333.0768 259.6833
RLegRoot 0.09460405 1.11451 -0.04045086 355.1728 5.768741 345.1248
RShin -0.0004597027 0.6636829 0.02389706 352.4828 188.8139 41.74682
RRootFoot 0.3828892 0.3141285 -0.0822214 342.0299 91.02587 288.844
RToe 0.2739644 0.3837942 -0.007346101 44.2249 245.368 231.0362
SpineRoot 0 1.231914 0.00762345 357.941 272.8538 323.8391
Spine2 0.005430712 1.346476 0.03092187 355.3488 276.5851 286.734
HeadRoot 0.02823783 1.798158 -0.09195156 287.8443 330.1848 39.34951
Head 0.01041545 1.904552 -0.06776855 13.47251 10.87623 281.5247
LShoulder -0.0286906 1.791942 -0.1031312 294.9844 214.6014 141.6063
LArmRoot -0.2392097 1.734704 -0.1071247 344.334 269.9562 124.3208
LForearm -0.3100531 1.457813 0.06930408 348.4484 273.4253 134.0835
LHand -0.3613383 1.104035 0.4227209 320.1372 13.27798 75.06791
LHandEff -0.380807 0.9710115 0.5414445 320.1372 13.27798 75.06791
RShoulder 0.0794014 1.783089 -0.1156093 294.6842 156.2444 45.4335
RArmRoot 0.2764453 1.71817 -0.1832077 40.09233 299.748 219.578
RForearm 0.5222274 1.508592 -0.09110556 326.1694 111.4023 37.10695
RHand 0.8257209 1.256667 0.2205329 321.362 348.5858 126.0254
RHandEff 0.9111987 1.143362 0.3301913 321.362 348.5858 126.0254
Spine1 0 1.231914 0.00762345 358.5948 276.3748 258.2878
LLegRoot -0.1057108 1.120837 -0.03151685 21.51157 2.972615 355.2364
LShin -0.1709679 0.6856097 -0.1823188 24.22503 2.350842 109.729
LRootFoot -0.000752138 0.2310529 -0.3940036 53.78933 246.4984 72.24721
LToe -0.06413673 0.3437615 -0.3191479 23.04584 259.0078 245.5068
RLegRoot 0.09306044 1.113682 -0.04142545 355.2808 5.458635 345.3601
RShin -0.000571415 0.6623436 0.0214172 352.2827 188.7942 39.41439
RRootFoot 0.3968205 0.329175 -0.08574698 338.9566 76.03588 290.1605
RToe 0.2688066 0.3912416 -0.04009135 46.41368 228.2995 227.4956
SpineRoot 0 1.231914 0.00762345 357.941 272.8538 323.8391
Spine2 0.005430712 1.346476 0.03092187 355.3488 276.5851 286.734
HeadRoot 0.02823783 1.798158 -0.09195156 287.8443 330.1848 39.34951
Head 0.01041545 1.904552 -0.06776855 13.47251 10.87623 281.5247
LShoulder -0.0286906 1.791942 -0.1031312 294.9844 214.6014 141.6063
LArmRoot -0.2392097 1.734704 -0.1071247 344.334 269.9562 124.3208
LForearm -0.3100531 1.457813 0.06930408 348.4484 273.4253 134.0835
LHand -0.3613383 1.104035 0.4227209 320.1372 13.27798 75.06791
LHandEff -0.380807 0.9710115 0.5414445 320.1372 13.27798 75.06791
RShoulder 0.0794014 1.783089 -0.1156093 294.6842 156.2444 45.4335
RArmRoot 0.2764453 1.71817 -0.1832077 40.09233 299.748 219.578
RForearm 0.5222274 1.508592 -0.09110556 326.1694 111.4023 37.10695
RHand 0.8257209 1.256667 0.2205329 321.362 348.5858 126.0254
RHandEff 0.9111987 1.143362 0.3301913 321.362 348.5858 126.0254
Spine1 0 1.231914 0.00762345 358.5948 276.3748 258.2878
LLegRoot -0.1057108 1.120837 -0.03151685 21.51157 2.972615 355.2364
LShin -0.1709679 0.6856097 -0.1823188 24.22503 2.350842 109.729
LRootFoot -0.000752138 0.2310529 -0.3940036 53.78933 246.4984 72.24721
LToe -0.06413673 0.3437615 -0.3191479 23.04584 259.0078 245.5068
RLegRoot 0.09306044 1.113682 -0.04142545 355.2808 5.458635 345.3601
RShin -0.000571415 0.6623436 0.0214172 352.2827 188.7942 39.41439
RRootFoot 0.3968205 0.329175 -0.08574698 338.9566 76.03588 290.1605
RToe 0.2688066 0.3912416 -0.04009135 46.41368 228.2995 227.4956
SpineRoot 0 1.231914 0.00762345 356.7265 268.5734 327.0879
Spine2 0.009265688 1.347345 0.0245522 353.8569 276.5948 291.8581
HeadRoot 0.03780175 1.78551 -0.1392532 284.1565 327.5887 42.63172
Head 0.02229949 1.893553 -0.1216905 10.12986 11.06091 279.6871
LShoulder -0.01931603 1.779211 -0.1493704 300.4582 213.9391 145.2012
LArmRoot -0.2278952 1.716088 -0.1383879 324.428 249.0209 124.0244
LForearm -0.4411474 1.479076 -0.03273165 344.1416 265.0172 125.8392
LHand -0.5776471 1.087077 0.250813 307.3415 17.91841 56.47653
LHandEff -0.6353247 0.9963808 0.3943996 307.3415 17.91841 56.47653
RShoulder 0.08850826 1.767529 -0.1618362 299.3926 159.729 40.07169
RArmRoot 0.2875414 1.69859 -0.2187894 62.29954 24.30855 296.5441
RForearm 0.6182001 1.755983 -0.232413 292.5488 159.7982 0.2852662
RHand 1.090754 1.755023 -0.06099302 337.5173 343.683 178.4332
RHandEff 1.262297 1.750492 -0.008820729 337.5173 343.683 178.4332
Spine1 0 1.231914 0.00762345 356.4033 276.6092 261.2108
LLegRoot -0.1051216 1.120733 -0.03278803 18.36856 358.3836 354.0193
LShin -0.168579 0.6789727 -0.1641023 43.25141 55.35054 236.4973
LRootFoot 0.2464995 1.000582 -0.2325348 355.4101 140.1491 329.7646
LToe 0.1533515 0.8839726 -0.2254703 13.44854 166.9695 137.08
RLegRoot 0.09363852 1.109361 -0.0278379 358.4679 358.3069 352.7973
RShin 0.05325081 0.6467241 -0.0003034476 355.2224 179.4564 53.19631
RRootFoot 0.3708021 0.2242035 -0.03260563 316.5242 137.1143 344.8949
RToe 0.4225127 0.1635846 0.0937891 34.89969 274.2119 160.7967
SpineRoot 0 1.231914 0.00762345 356.7265 268.5734 327.0879
Spine2 0.009265688 1.347345 0.0245522 353.8569 276.5948 291.8581
HeadRoot 0.03780175 1.78551 -0.1392532 284.1565 327.5887 42.63172
Head 0.02229949 1.893553 -0.1216905 10.12986 11.06091 279.6871
LShoulder -0.01931603 1.779211 -0.1493704 300.4582 213.9391 145.2012
LArmRoot -0.2278952 1.716088 -0.1383879 324.428 249.0209 124.0244
LForearm -0.4411474 1.479076 -0.03273165 344.1416 265.0172 125.8392
LHand -0.5776471 1.087077 0.250813 307.3415 17.91841 56.47653
LHandEff -0.6353247 0.9963808 0.3943996 307.3415 17.91841 56.47653
RShoulder 0.08850826 1.767529 -0.1618362 299.3926 159.729 40.07169
RArmRoot 0.2875414 1.69859 -0.2187894 62.29954 24.30855 296.5441
RForearm 0.6182001 1.755983 -0.232413 292.5488 159.7982 0.2852662
RHand 1.090754 1.755023 -0.06099302 337.5173 343.683 178.4332
RHandEff 1.262297 1.750492 -0.008820729 337.5173 343.683 178.4332
Spine1 0 1.231914 0.00762345 356.4033 276.6092 261.2108
LLegRoot -0.1051216 1.120733 -0.03278803 18.36856 358.3836 354.0193
LShin -0.168579 0.6789727 -0.1641023 43.25141 55.35054 236.4973
LRootFoot 0.2464995 1.000582 -0.2325348 355.4101 140.1491 329.7646
LToe 0.1533515 0.8839726 -0.2254703 13.44854 166.9695 137.08
RLegRoot 0.09363852 1.109361 -0.0278379 358.4679 358.3069 352.7973
RShin 0.05325081 0.6467241 -0.0003034476 355.2224 179.4564 53.19631
RRootFoot 0.3708021 0.2242035 -0.03260563 316.5242 137.1143 344.8949
RToe 0.4225127 0.1635846 0.0937891 34.89969 274.2119 160.7967
SpineRoot 0 1.231914 0.00762345 358.1143 265.7427 325.2907
Spine2 0.00401422 1.347519 0.02540753 1.114571 273.6557 288.0295
HeadRoot -0.01299554 1.797792 -0.1034326 288.0814 329.8883 36.11936
Head -0.03086515 1.904119 -0.0789941 14.2844 7.352798 280.8822
LShoulder -0.06835258 1.785658 -0.1173197 297.3167 216.2104 136.9919
LArmRoot -0.2752118 1.717357 -0.1297547 332.2248 253.766 118.1372
LForearm -0.4455688 1.446111 -0.02866709 345.006 261.6569 118.9975
LHand -0.5934744 1.021411 0.195936 317.1303 5.497145 69.18749
LHandEff -0.6459829 0.8985357 0.3155778 317.1303 5.497145 69.18749
RShoulder 0.04057404 1.787781 -0.1242791 294.7333 161.5567 36.4977
RArmRoot 0.2442621 1.733481 -0.1806088 59.39801 55.10205 319.9438
RForearm 0.5515761 1.853417 -0.243761 287.5927 106.6216 37.76912
RHand 0.9464642 1.760359 0.05304936 346.7426 328.553 167.4535
RHandEff 1.091164 1.722435 0.1520109 346.7426 328.553 167.4535
Spine1 0 1.231914 0.00762345 358.588 273.7273 261.149
LLegRoot -0.09996931 1.119438 -0.04136726 17.59226 356.2913 354.9357
LShin -0.1516072 0.6749964 -0.1687559 38.23569 52.72004 244.0367
LRootFoot 0.2232628 1.048952 -0.1747445 346.9725 133.3685 328.1307
LToe 0.1453812 0.9222333 -0.188928 6.590291 159.0212 131.8235
RLegRoot 0.09852034 1.112885 -0.0265915 0.005942878 356.4148 350.4359
RShin 0.03900694 0.6516668 -0.01400041 359.0645 175.6591 44.92066
RRootFoot 0.4133484 0.2777988 0.008293218 312.9514 136.8881 336.7311
RToe 0.4579414 0.2257392 0.1410545 41.48907 269.374 162.7261
SpineRoot 0 1.231914 0.00762345 358.1143 265.7427 325.2907
Spine2 0.00401422 1.347519 0.02540753 1.114571 273.6557 288.0295
HeadRoot -0.01299554 1.797792 -0.1034326 288.0814 329.8883 36.11936
Head -0.03086515 1.904119 -0.0789941 14.2844 7.352798 280.8822
LShoulder -0.06835258 1.785658 -0.1173197 297.3167 216.2104 136.9919
LArmRoot -0.2752118 1.717357 -0.1297547 332.2248 253.766 118.1372
LForearm -0.4455688 1.446111 -0.02866709 345.006 261.6569 118.9975
LHand -0.5934744 1.021411 0.195936 317.1303 5.497145 69.18749
LHandEff -0.6459829 0.8985357 0.3155778 317.1303 5.497145 69.18749
RShoulder 0.04057404 1.787781 -0.1242791 294.7333 161.5567 36.4977
RArmRoot 0.2442621 1.733481 -0.1806088 59.39801 55.10205 319.9438
RForearm 0.5515761 1.853417 -0.243761 287.5927 106.6216 37.76912
RHand 0.9464642 1.760359 0.05304936 346.7426 328.553 167.4535
RHandEff 1.091164 1.722435 0.1520109 346.7426 328.553 167.4535
Spine1 0 1.231914 0.00762345 358.588 273.7273 261.149
LLegRoot -0.09996931 1.119438 -0.04136726 17.59226 356.2913 354.9357
LShin -0.1516072 0.6749964 -0.1687559 38.23569 52.72004 244.0367
LRootFoot 0.2232628 1.048952 -0.1747445 346.9725 133.3685 328.1307
LToe 0.1453812 0.9222333 -0.188928 6.590291 159.0212 131.8235
RLegRoot 0.09852034 1.112885 -0.0265915 0.005942878 356.4148 350.4359
RShin 0.03900694 0.6516668 -0.01400041 359.0645 175.6591 44.92066
RRootFoot 0.4133484 0.2777988 0.008293218 312.9514 136.8881 336.7311
RToe 0.4579414 0.2257392 0.1410545 41.48907 269.374 162.7261
